代码,时间,开盘价,最高价,最低价,收盘价,成交量(股),成交额(元)
SH000959,2005-01-04,993.0100,993.0100,977.5400,978.7900,444671800,2759479040.00
SH000959,2005-01-05,976.9300,988.9600,974.9700,985.7400,393464300,2521124096.00
SH000959,2005-01-06,985.5100,985.5100,970.0400,972.9900,351465200,2239379968.00
SH000959,2005-01-07,972.7200,985.0900,969.7100,974.0600,357580400,2334908928.00
SH000959,2005-01-10,973.7500,983.0100,968.6100,983.0100,313267200,2121981952.00
SH000959,2005-01-11,983.1200,989.4200,981.4000,986.3200,292535600,1933063040.00
SH000959,2005-01-12,983.0000,988.5600,980.3800,988.5600,230570700,1496310016.00
SH000959,2005-01-13,987.9600,991.1700,984.1500,988.5900,301947100,1896433024.00
SH000959,2005-01-14,988.3000,995.5500,978.4000,978.8000,453947900,2446735104.00
SH000959,2005-01-17,968.9800,972.0700,957.1400,959.3400,427200700,2501168128.00
SH000959,2005-01-18,959.3600,967.0700,954.0400,967.0700,430059200,2391874048.00
SH000959,2005-01-19,966.8100,966.8100,956.8900,958.7800,379511200,2018290944.00
SH000959,2005-01-20,954.8400,954.8400,942.8600,948.2300,451459900,2496304896.00
SH000959,2005-01-21,946.3900,976.2000,939.6600,975.6100,872386600,4936549888.00
SH000959,2005-01-24,986.6200,993.6200,982.0400,993.3000,805421500,4754318848.00
SH000959,2005-01-25,991.2400,999.0600,982.3300,999.0600,536608100,3580118016.00
SH000959,2005-01-26,995.0500,1000.7900,991.3300,991.5800,430075600,2726401024.00
SH000959,2005-01-27,989.0300,989.6800,975.3700,975.8000,400835900,2319634944.00
SH000959,2005-01-28,975.8000,977.1000,968.4000,972.1200,283714800,1650852992.00
SH000959,2005-01-31,969.0500,969.6600,959.4800,960.7700,338914300,2035985024.00
SH000959,2005-02-01,959.8800,972.5200,959.8800,963.7700,349532500,2292307968.00
SH000959,2005-02-02,965.1200,1015.6300,965.1200,1015.6300,989897600,6155584000.00
SH000959,2005-02-03,1016.9200,1022.8100,1002.1600,1002.9600,928708200,5714548224.00
SH000959,2005-02-04,1002.0400,1030.9200,999.9800,1028.2300,953368600,5945895936.00
SH000959,2005-02-16,1035.1400,1046.0200,1030.0700,1036.7900,679632000,4328768000.00
SH000959,2005-02-17,1036.7600,1036.7600,1022.5400,1031.3900,479564800,3051204096.00
SH000959,2005-02-18,1031.0400,1032.1800,1017.2900,1017.3500,408730300,2551941120.00
SH000959,2005-02-21,1018.0300,1038.5500,1018.0300,1038.5500,561593700,3559954944.00
SH000959,2005-02-22,1039.7600,1061.2200,1038.2000,1060.3600,936233700,5870786048.00
SH000959,2005-02-23,1059.9500,1063.7000,1051.1800,1058.9800,910352700,5667471872.00
SH000959,2005-02-24,1057.8500,1062.8500,1049.9200,1062.5700,707403800,4593958912.00
SH000959,2005-02-25,1063.2500,1076.7000,1063.2500,1063.3900,909471800,6106083840.00
SH000959,2005-02-28,1061.6600,1064.3200,1055.7400,1058.2800,669974500,4451616768.00
SH000959,2005-03-01,1058.7400,1062.1200,1048.4300,1052.7900,486352200,3226902016.00
SH000959,2005-03-02,1053.2000,1061.6100,1033.6000,1033.9700,760951800,5176074240.00
SH000959,2005-03-03,1032.2500,1039.5800,1026.0000,1039.0600,461456100,2959624960.00
SH000959,2005-03-04,1039.0600,1043.4100,1032.2900,1034.1700,435347700,3115109888.00
SH000959,2005-03-07,1035.0800,1040.7700,1034.7000,1039.7400,429126800,3084900096.00
SH000959,2005-03-08,1044.1600,1065.7800,1044.1600,1065.7800,805494600,5795493888.00
SH000959,2005-03-09,1068.6300,1073.2400,1062.8900,1067.6100,939946800,6114304000.00
SH000959,2005-03-10,1068.7000,1068.7000,1039.5700,1042.6600,768597700,4912794112.00
SH000959,2005-03-11,1041.6100,1050.2600,1037.4700,1049.6600,582529900,4271246080.00
SH000959,2005-03-14,1049.7100,1067.0200,1038.9600,1055.2400,759256100,5788630016.00
SH000959,2005-03-15,1055.0000,1055.0000,1037.7600,1039.5400,648478700,4628692992.00
SH000959,2005-03-16,1037.1500,1037.1500,1019.5700,1026.0800,547788300,4109970944.00
SH000959,2005-03-17,1024.3800,1025.0900,1011.6000,1012.0400,518584700,3651132928.00
SH000959,2005-03-18,1011.0400,1014.8400,992.6200,994.7900,483166500,3330127104.00
SH000959,2005-03-21,993.2400,1000.7100,989.5300,999.8600,352044300,2407717888.00
SH000959,2005-03-22,1000.2500,1000.2500,978.8600,983.3900,589620900,3812605952.00
SH000959,2005-03-23,982.4000,997.4500,978.2400,979.1900,575988300,4020923904.00
SH000959,2005-03-24,976.7300,981.4900,964.1000,980.4400,509089300,3838455040.00
SH000959,2005-03-25,979.6700,982.0200,973.9700,976.6500,339028000,2130925056.00
SH000959,2005-03-28,975.3100,975.3100,963.7200,974.5300,312355800,2088108032.00
SH000959,2005-03-29,974.2300,982.9900,966.7500,966.8000,364794500,2565328896.00
SH000959,2005-03-30,963.9100,963.9100,947.3300,947.4700,448762100,2924836096.00
SH000959,2005-03-31,945.0300,954.1500,939.3200,954.1500,388974400,2370508032.00
SH000959,2005-04-01,953.6700,1003.6500,948.3300,991.4500,856956900,5479932928.00
SH000959,2005-04-04,981.7100,985.7600,972.4300,972.7000,531722100,3591835136.00
SH000959,2005-04-05,970.9000,979.0000,966.2800,967.5300,456468300,3166363136.00
SH000959,2005-04-06,967.5300,986.3800,959.7400,983.8900,681390600,5209674752.00
SH000959,2005-04-07,985.8000,1014.2600,985.8000,997.9900,1077537000,7403080192.00
SH000959,2005-04-08,997.1700,1016.5300,993.1900,1016.5300,748316000,4975138816.00
SH000959,2005-04-11,1016.3300,1019.6600,1004.3600,1006.8800,769702500,5556071936.00
SH000959,2005-04-12,1004.8000,1004.8000,990.3000,990.9400,495275800,3523460096.00
SH000959,2005-04-13,1000.3200,1019.7600,1000.3200,1015.1700,815323500,5535874048.00
SH000959,2005-04-14,1018.9800,1018.9800,1000.2100,1001.3500,620806500,4100741120.00
SH000959,2005-04-15,997.7400,997.7400,988.3000,989.8400,498095200,3500066048.00
SH000959,2005-04-18,987.1400,987.1400,971.8600,976.6900,432039800,2997492992.00
SH000959,2005-04-19,975.5800,981.1700,971.8100,980.2400,494350700,3380523008.00
SH000959,2005-04-20,978.3200,978.3200,964.1800,968.6400,423905300,2792644096.00
SH000959,2005-04-21,963.7900,968.6200,954.3600,959.3200,467854100,3149273088.00
SH000959,2005-04-22,961.0900,962.7300,952.2000,956.0400,507379500,3392116992.00
SH000959,2005-04-25,948.9300,955.7400,943.4000,950.7800,570399100,3626801920.00
SH000959,2005-04-26,950.3700,962.8000,948.4200,960.4200,562236200,3807479040.00
SH000959,2005-04-27,962.4100,962.4100,952.0300,952.6000,557515900,3531535872.00
SH000959,2005-04-28,950.3200,969.5800,944.2300,968.2200,727458200,4513696768.00
SH000959,2005-04-29,966.6600,967.5600,954.3300,956.1400,595216700,3839330048.00
SH000959,2005-05-09,960.4200,960.4200,931.8000,931.9100,416351200,2645912064.00
SH000959,2005-05-10,928.6400,934.7200,913.4500,934.7000,538679500,3434285056.00
SH000959,2005-05-11,935.1000,940.0200,921.9800,922.5400,423542000,2747336960.00
SH000959,2005-05-12,920.9800,920.9800,906.8800,907.0600,558844200,3772485888.00
SH000959,2005-05-13,902.8600,915.9100,893.9000,902.5100,534312800,3364344064.00
SH000959,2005-05-16,901.9000,901.9000,883.6500,888.7600,383201500,2311219968.00
SH000959,2005-05-17,886.2000,901.6500,881.7300,894.6200,433672700,2516379136.00
SH000959,2005-05-18,893.2000,902.1100,880.2400,892.1400,415739800,2752484096.00
SH000959,2005-05-19,891.2700,896.2100,881.0200,893.6800,452691500,2503229952.00
SH000959,2005-05-20,891.5800,899.6300,889.0800,892.5200,324829600,1886558976.00
SH000959,2005-05-23,888.4500,888.4500,871.2000,872.6000,357642200,2023410944.00
SH000959,2005-05-24,870.4300,879.1100,864.3400,876.5400,485766800,2677733888.00
SH000959,2005-05-25,875.6800,881.9900,869.6100,876.0200,362351100,2062169984.00
SH000959,2005-05-26,875.4900,880.5300,862.2000,863.3300,296961300,1691782016.00
SH000959,2005-05-27,861.8800,868.5300,854.4300,855.0400,414744500,2361490944.00
SH000959,2005-05-30,852.7700,863.4600,847.7600,862.4000,349178200,1976547072.00
SH000959,2005-05-31,862.8800,867.9100,858.8000,861.1700,368931000,2078001024.00
SH000959,2005-06-01,860.6200,862.6500,841.2600,842.9200,414582300,2473249024.00
SH000959,2005-06-02,840.4700,840.4700,818.9800,824.3100,560826300,3335665920.00
SH000959,2005-06-03,821.8200,827.1600,811.9000,823.2100,466868400,2626803968.00
SH000959,2005-06-06,821.2500,846.5400,812.9200,846.5400,529788200,2923674112.00
SH000959,2005-06-07,849.1500,866.3600,844.2200,846.9400,733457200,4391549952.00
SH000959,2005-06-08,853.9500,919.1500,853.9500,916.9400,1877810000,10674841600.00
SH000959,2005-06-09,917.6500,936.1800,912.1700,922.3400,1774193600,10399983616.00
SH000959,2005-06-10,921.4600,921.4600,898.1200,901.0900,1185738700,6771942912.00
SH000959,2005-06-13,899.2900,904.7300,883.4900,898.2400,805264000,4302325760.00
SH000959,2005-06-14,901.2500,913.5100,893.4100,893.7800,763107800,4365087744.00
SH000959,2005-06-15,892.2800,892.2800,876.3300,877.6100,614225000,3735769088.00
SH000959,2005-06-16,876.5300,889.0600,871.3600,889.0600,642727400,3797489920.00
SH000959,2005-06-17,894.7300,895.3600,884.7900,888.6600,881458700,5330774016.00
SH000959,2005-06-20,889.8100,916.1500,880.0400,916.1500,1084412400,6127399936.00
SH000959,2005-06-21,915.2200,915.4800,903.4100,905.5300,672230800,3850258944.00
SH000959,2005-06-22,902.7900,909.6500,901.1300,908.8500,551880800,3140453888.00
SH000959,2005-06-23,907.6500,915.8000,904.3800,904.5700,538795900,3247308032.00
SH000959,2005-06-24,901.9200,906.7800,897.2000,906.7800,540803800,2897487104.00
SH000959,2005-06-27,912.6600,928.2200,912.6600,923.4400,907021600,5053757952.00
SH000959,2005-06-28,920.9300,920.9300,906.7800,908.9400,525630700,2811101952.00
SH000959,2005-06-29,911.6500,913.4000,906.4200,906.6900,641316400,3461007104.00
SH000959,2005-06-30,904.3000,904.3000,885.4000,886.5400,586631200,3248516096.00
SH000959,2005-07-01,883.8900,883.8900,869.6000,870.4000,530053300,3045763072.00
SH000959,2005-07-04,865.9200,867.7700,856.3700,867.7700,463756900,2380312064.00
SH000959,2005-07-05,865.8200,867.8000,858.8200,861.4000,525851300,3398415872.00
SH000959,2005-07-06,862.0900,864.9600,847.0500,851.3400,411871900,2518496000.00
SH000959,2005-07-07,850.4200,853.5500,847.0800,852.5300,307188700,1748764032.00
SH000959,2005-07-08,850.2100,850.2100,838.1100,839.8400,372185500,2066472960.00
SH000959,2005-07-11,844.1000,857.4600,834.4900,834.8200,471697200,2634646016.00
SH000959,2005-07-12,831.6500,861.3300,829.4000,859.8000,970522400,5442786816.00
SH000959,2005-07-13,858.6600,860.3000,849.5300,856.1300,547633900,3128832000.00
SH000959,2005-07-14,852.8100,861.6800,852.4200,855.8800,581361200,3303848960.00
SH000959,2005-07-15,855.7300,860.1800,846.7700,849.0700,476332600,2669299968.00
SH000959,2005-07-18,847.0700,847.0700,835.9500,838.6000,416779200,2262146048.00
SH000959,2005-07-19,837.0300,845.2000,836.1500,841.3300,442633600,2357907968.00
SH000959,2005-07-20,840.4200,849.9400,838.9000,849.3600,521453300,2721361920.00
SH000959,2005-07-21,850.1100,850.6800,843.4900,850.6800,505969800,2810924032.00
SH000959,2005-07-22,850.6800,865.5400,844.6800,859.0900,1343541300,7027048960.00
SH000959,2005-07-25,857.3600,857.3600,851.1200,852.4200,671513200,3712091904.00
SH000959,2005-07-26,851.7100,874.7700,851.7100,871.4000,1314307000,6871140864.00
SH000959,2005-07-27,871.9200,892.8000,871.9200,892.8000,1070655600,5657533952.00
SH000959,2005-07-28,892.8800,899.6600,888.8800,890.7700,1098697900,6173220864.00
SH000959,2005-07-29,888.9700,890.5300,882.7800,885.9800,710222800,3797381888.00
SH000959,2005-08-01,885.6700,895.5800,885.6700,891.3600,562344300,3031608064.00
SH000959,2005-08-02,892.5600,902.0200,888.5600,902.0200,678766600,3551241984.00
SH000959,2005-08-03,903.3600,916.0900,902.3700,908.1300,1170998400,6351739904.00
SH000959,2005-08-04,906.7600,909.1700,902.8300,905.1700,638646800,3481065984.00
SH000959,2005-08-05,907.5200,923.8200,907.5200,923.8200,971992800,5734735872.00
SH000959,2005-08-08,926.1300,932.5800,925.3800,928.3200,981266800,5887306752.00
SH000959,2005-08-09,928.8300,933.0600,921.2700,933.0600,901066200,5242625024.00
SH000959,2005-08-10,932.8800,939.6000,925.5000,939.6000,1030015600,5536652800.00
SH000959,2005-08-11,942.2200,958.3500,941.5700,958.3500,1440744400,8548466176.00
SH000959,2005-08-12,960.1800,963.2600,941.3000,944.6100,1533472700,8540661760.00
SH000959,2005-08-15,945.3300,962.4600,944.4800,962.4600,1330900600,8039470080.00
SH000959,2005-08-16,963.3800,966.3700,948.7700,952.5300,1209445500,7445663232.00
SH000959,2005-08-17,951.5900,961.2400,939.5800,961.2400,1077973300,6312638976.00
SH000959,2005-08-18,964.8500,966.6000,930.3300,931.1900,2060765000,11155631104.00
SH000959,2005-08-19,928.3200,934.9900,920.7400,931.0000,1159292400,6367599104.00
SH000959,2005-08-22,931.0800,938.1800,928.6000,938.1800,1016779300,5560430080.00
SH000959,2005-08-23,938.4000,938.4000,923.2600,931.2400,837461300,4626377216.00
SH000959,2005-08-24,931.6700,941.9500,931.6700,937.9900,932383500,4964696064.00
SH000959,2005-08-25,938.3600,939.5800,925.3400,933.4400,849527100,4499115008.00
SH000959,2005-08-26,933.2600,933.2600,924.9800,930.3400,736147500,4001402880.00
SH000959,2005-08-29,930.2300,930.2300,915.3800,917.4600,735857700,3907705088.00
SH000959,2005-08-30,915.7800,918.4800,912.3400,914.1000,563728100,3025854976.00
SH000959,2005-08-31,913.4100,926.3100,911.0800,926.3100,625606500,3396035072.00
SH000959,2005-09-01,926.9500,946.0900,926.2800,946.0900,998709600,5376196096.00
SH000959,2005-09-02,948.4400,950.0800,943.3300,950.0800,834463600,4484336128.00
SH000959,2005-09-05,950.7700,954.6200,946.8800,954.2400,786335400,4035675904.00
SH000959,2005-09-06,954.5600,957.0500,938.6600,939.9800,978916000,5580858880.00
SH000959,2005-09-07,938.3700,958.8700,938.3700,958.8700,971368400,5620305920.00
SH000959,2005-09-08,960.3400,964.2700,955.3400,961.9500,1120712000,6690280960.00
SH000959,2005-09-09,961.9000,963.6300,952.9400,955.8900,825983900,4489992192.00
SH000959,2005-09-12,954.2900,957.7200,951.0700,955.9300,576904700,3068352000.00
SH000959,2005-09-13,955.1800,971.8900,955.1800,971.8900,768911000,4161559040.00
SH000959,2005-09-14,970.7900,976.6200,969.0400,976.6200,889831800,5035750912.00
SH000959,2005-09-15,974.5900,977.1700,972.0600,975.5600,682556800,3924794880.00
SH000959,2005-09-16,976.9900,978.4500,973.7100,975.2200,640787500,3690616064.00
SH000959,2005-09-19,973.7800,976.5200,970.8500,976.0900,643797600,3787386112.00
SH000959,2005-09-20,975.3900,976.3400,962.5500,967.1000,842949000,4696482816.00
SH000959,2005-09-21,963.5300,965.8500,948.9100,949.4000,929158500,4816094208.00
SH000959,2005-09-22,946.7200,946.7200,920.9800,928.0100,886016400,4676568064.00
SH000959,2005-09-23,930.3900,930.3900,920.8200,922.4300,546411000,3004123136.00
SH000959,2005-09-26,922.1800,925.4300,920.0000,923.9400,468672400,2633410048.00
SH000959,2005-09-27,924.4100,925.7000,908.3500,908.7500,550428900,3140687104.00
SH000959,2005-09-28,908.4300,914.2500,906.7800,908.5000,425301000,2415702016.00
SH000959,2005-09-29,909.5900,919.2600,909.5900,919.2600,619515600,3307229952.00
SH000959,2005-09-30,918.5100,923.1300,918.5100,921.2200,415787100,2365389056.00
SH000959,2005-10-10,921.2600,921.2600,911.6700,911.8300,325106700,1887616000.00
SH000959,2005-10-11,911.3600,923.5300,908.8000,923.5300,333172600,2007815936.00
SH000959,2005-10-12,925.1900,930.5600,921.6200,927.3300,596201200,3649922048.00
SH000959,2005-10-13,927.4900,931.0900,920.1200,920.1500,526399300,3349659136.00
SH000959,2005-10-14,920.2100,921.6200,908.3700,911.0200,496587700,3150553088.00
SH000959,2005-10-17,909.5300,909.5300,900.3800,903.1700,553656700,3267595008.00
SH000959,2005-10-18,902.3400,907.2600,901.4700,907.2600,619171200,3436410112.00
SH000959,2005-10-19,907.4800,910.6000,901.4400,902.9900,513117300,2859781120.00
SH000959,2005-10-20,904.6300,904.6300,890.1600,900.5000,686379300,3582906112.00
SH000959,2005-10-21,899.9100,908.7800,899.0000,904.9500,573137900,3227777024.00
SH000959,2005-10-24,904.7600,908.3600,899.7800,906.8300,681568000,3430187008.00
SH000959,2005-10-25,906.2600,906.2600,892.2600,892.5200,590393700,3192173056.00
SH000959,2005-10-26,890.7400,890.7400,869.8200,871.6100,743689200,3826018048.00
SH000959,2005-10-27,868.1300,873.3300,864.9900,868.8500,706729900,3631610112.00
SH000959,2005-10-28,867.2000,870.2400,850.7400,857.8600,677532800,3462744064.00
SH000959,2005-10-31,856.5400,869.6500,856.5400,868.5000,692014800,3382266880.00
SH000959,2005-11-01,867.6600,867.6600,856.4200,866.7500,502723400,2596474112.00
SH000959,2005-11-02,867.4900,877.7400,867.4900,875.8300,627259500,3152942080.00
SH000959,2005-11-03,875.5900,877.3700,865.9800,866.7500,645427500,3486907904.00
SH000959,2005-11-04,863.7200,869.9800,860.6700,869.9800,532421600,2796513024.00
SH000959,2005-11-07,866.7000,866.7000,857.2700,865.4300,410078300,2208076032.00
SH000959,2005-11-08,864.5100,867.6400,858.4700,867.4800,460302600,2350107136.00
SH000959,2005-11-09,867.5600,870.1200,865.9500,866.1400,595409700,3089136128.00
SH000959,2005-11-10,865.6000,865.6000,848.1000,848.4200,528495000,2687633920.00
SH000959,2005-11-11,846.2600,851.6300,843.8100,849.8000,434858600,2203693056.00
SH000959,2005-11-14,848.1200,848.5800,843.3500,847.0700,296893200,1506305024.00
SH000959,2005-11-15,846.6800,850.1700,838.6700,840.5300,421667100,2334153984.00
SH000959,2005-11-16,839.4200,847.7700,832.4500,847.7700,464132000,2421481984.00
SH000959,2005-11-17,847.8300,849.3900,844.3700,847.7000,449138300,2366797056.00
SH000959,2005-11-18,848.5300,872.3100,848.5300,868.8600,913165700,4809923072.00
SH000959,2005-11-21,868.9400,874.3900,866.9900,870.7100,649870000,3139570944.00
SH000959,2005-11-22,870.8700,870.8700,858.1300,858.4000,629900400,2755437056.00
SH000959,2005-11-23,857.8600,866.1000,857.8400,865.7600,612925400,2404291072.00
SH000959,2005-11-24,865.5400,874.0100,865.5400,869.1600,972338300,4153095936.00
SH000959,2005-11-25,869.0400,870.4600,865.4500,870.4200,908895200,3678200064.00
SH000959,2005-11-28,869.9000,872.2000,862.4600,865.2000,640894700,2854610944.00
SH000959,2005-11-29,865.1600,865.1600,855.2900,855.3300,546604600,2409478912.00
SH000959,2005-11-30,854.5200,856.3900,848.4500,856.3900,519866300,2499617024.00
SH000959,2005-12-01,855.8300,858.3500,852.4200,855.4600,441187100,2162836992.00
SH000959,2005-12-02,855.7800,860.1600,851.8100,856.6200,785468900,3625574912.00
SH000959,2005-12-05,855.9400,855.9400,846.8900,847.7400,629255600,2971113984.00
SH000959,2005-12-06,846.5200,853.0500,845.5800,852.9300,714969300,3422511104.00
SH000959,2005-12-07,852.9300,860.5000,852.6900,860.5000,641115900,3087026944.00
SH000959,2005-12-08,860.5000,865.2500,859.6700,863.0700,623706000,3352422912.00
SH000959,2005-12-09,862.1100,875.1100,861.1300,875.0600,768304800,3887981056.00
SH000959,2005-12-12,873.6100,877.1200,871.3800,875.1500,560064300,3004744960.00
SH000959,2005-12-13,874.7800,877.1900,868.5700,877.1900,583639100,3156647936.00
SH000959,2005-12-14,877.1900,887.3300,874.2100,887.3300,803165900,4373702144.00
SH000959,2005-12-15,887.2200,892.5400,884.7000,885.3100,949716500,4724795904.00
SH000959,2005-12-16,884.3100,892.9700,883.0000,892.9700,663487100,3393454080.00
SH000959,2005-12-19,892.6000,893.6300,889.1300,892.2600,517866000,2570476032.00
SH000959,2005-12-20,891.4600,896.2300,888.9700,896.2300,618588700,3080052992.00
SH000959,2005-12-21,896.9500,900.1200,892.6600,893.1800,606775200,3117696000.00
SH000959,2005-12-22,892.4300,901.7300,889.9300,901.7300,514322300,2845314048.00
SH000959,2005-12-23,901.7100,909.4500,901.3100,909.4500,673003100,3524964096.00
SH000959,2005-12-26,914.0200,918.5300,914.0200,916.5000,871463600,4639002112.00
SH000959,2005-12-27,915.5500,916.0300,910.4800,913.2700,697960700,3519597056.00
SH000959,2005-12-28,913.2000,915.3300,909.3100,915.3300,694993700,3611888128.00
SH000959,2005-12-29,923.7200,938.6700,923.7200,938.6700,1053809200,6513576960.00
SH000959,2005-12-30,940.4500,940.4500,927.1600,928.4900,1058895400,6386802176.00
SH000959,2006-01-04,930.2000,942.0300,928.6200,942.0300,1369497200,8159425024.00
SH000959,2006-01-05,942.0300,962.9200,942.0300,962.7400,1618224500,9982536704.00
SH000959,2006-01-06,967.3400,982.1300,961.8600,977.7800,1716495600,10538468352.00
SH000959,2006-01-09,978.7900,984.8500,973.1200,984.0400,1303893300,7874334208.00
SH000959,2006-01-10,984.2000,985.2200,973.6000,985.2200,1260858400,7808199168.00
SH000959,2006-01-11,985.0200,993.7600,979.8300,984.5400,1416150400,8228349952.00
SH000959,2006-01-12,983.3400,995.6900,981.5700,995.6900,1080128600,6279101952.00
SH000959,2006-01-13,996.3000,999.8300,985.5300,990.3900,1088491600,6340178944.00
SH000959,2006-01-16,989.7600,989.7600,974.1800,974.1800,1081318900,5952094208.00
SH000959,2006-01-17,971.8500,977.1500,971.6200,975.8200,887654500,4986032128.00
SH000959,2006-01-18,975.7000,997.2600,975.7000,995.9400,1127439800,6349324800.00
SH000959,2006-01-19,997.1000,1003.4900,990.6400,1003.3100,1419564500,7551607808.00
SH000959,2006-01-20,1003.5600,1006.8500,1000.9400,1006.0500,1264556000,7009745920.00
SH000959,2006-01-23,1006.0500,1008.6500,1003.1500,1007.1700,1069706900,6344696832.00
SH000959,2006-01-24,1009.0400,1013.1900,1004.0900,1007.3400,1287461600,8768795648.00
SH000959,2006-01-25,1006.7800,1017.4200,1006.3600,1017.4000,1029923300,6493565952.00
SH000959,2006-02-06,1022.3700,1048.7400,1022.3700,1048.7400,1396048700,8380899840.00
SH000959,2006-02-07,1049.9600,1055.6300,1036.6300,1046.0500,1767992400,10804126720.00
SH000959,2006-02-08,1044.5100,1047.3700,1036.9900,1047.2600,1449794000,8333828096.00
SH000959,2006-02-09,1046.9500,1046.9500,1030.7000,1032.3000,1224825300,7000023040.00
SH000959,2006-02-10,1038.7000,1049.1000,1032.3500,1049.1000,1032192400,6305903104.00
SH000959,2006-02-13,1052.3700,1052.9500,1042.2300,1052.6800,1122756900,6647776256.00
SH000959,2006-02-14,1052.5700,1060.1400,1051.0700,1059.8800,814900600,5041047040.00
SH000959,2006-02-15,1062.2700,1068.5400,1058.9300,1060.8500,1339073600,7637371904.00
SH000959,2006-02-16,1060.7000,1060.7000,1038.0200,1039.6600,1297505700,7577205248.00
SH000959,2006-02-17,1039.6600,1048.0500,1036.7900,1041.8000,1026764200,6040931840.00
SH000959,2006-02-20,1045.1700,1052.3500,1043.2700,1043.4500,925162000,5267593216.00
SH000959,2006-02-21,1042.9000,1062.1500,1037.4900,1062.1400,1368324000,8590092288.00
SH000959,2006-02-22,1063.6200,1071.6500,1061.2600,1063.3800,1478367100,8517658112.00
SH000959,2006-02-23,1064.2900,1068.2200,1056.3500,1066.5600,1002137300,6068572160.00
SH000959,2006-02-24,1066.8300,1074.5800,1066.8300,1074.5800,996012400,6057647104.00
SH000959,2006-02-27,1079.7800,1079.7800,1072.0200,1072.6000,1429193400,8578845184.00
SH000959,2006-02-28,1071.4700,1078.0500,1063.5200,1078.0500,1039809700,6231172096.00
SH000959,2006-03-01,1073.1200,1079.0800,1071.6500,1077.9900,998992800,6036374016.00
SH000959,2006-03-02,1077.6800,1079.0200,1064.7900,1067.1000,1328021600,8320278016.00
SH000959,2006-03-03,1066.1800,1073.3700,1064.0600,1072.9600,1125486700,6840257024.00
SH000959,2006-03-06,1072.9800,1073.2100,1067.6700,1069.2600,1037400000,5636254208.00
SH000959,2006-03-07,1068.7300,1068.7300,1048.3000,1049.1400,1101400700,6116000768.00
SH000959,2006-03-08,1046.1000,1048.2000,1032.6400,1041.2700,1036597100,5736643072.00
SH000959,2006-03-09,1037.0800,1040.2100,1033.5000,1036.1400,723752700,4202916096.00
SH000959,2006-03-10,1036.3400,1043.3400,1036.3400,1042.6000,645088400,3975586048.00
SH000959,2006-03-13,1042.1700,1053.3000,1042.1700,1053.0000,680945900,3903195904.00
SH000959,2006-03-14,1052.6000,1054.3700,1047.9700,1054.3000,645435500,3690728960.00
SH000959,2006-03-15,1053.2300,1064.3000,1053.2300,1064.3000,746305500,4435457024.00
SH000959,2006-03-16,1063.9200,1065.1100,1061.7800,1063.4600,767298100,4596530176.00
SH000959,2006-03-17,1062.9600,1064.1600,1059.2100,1060.7400,742733000,4207717888.00
SH000959,2006-03-20,1061.0800,1070.2700,1058.0400,1070.2700,756901900,4595058176.00
SH000959,2006-03-21,1070.0600,1076.3100,1069.9500,1072.1400,901339600,5380354048.00
SH000959,2006-03-22,1073.1900,1080.8700,1071.2500,1080.8700,871944700,5279885824.00
SH000959,2006-03-23,1080.3700,1082.3000,1076.7400,1081.5500,938133000,5583122944.00
SH000959,2006-03-24,1081.7800,1083.4800,1076.2000,1076.4900,969495700,5784868864.00
SH000959,2006-03-27,1075.8800,1079.4100,1069.2000,1079.4100,804906700,4949431808.00
SH000959,2006-03-28,1076.9100,1084.4100,1076.4600,1083.0200,1171457900,6078387200.00
SH000959,2006-03-29,1085.4300,1097.3500,1085.2800,1091.0200,1684104800,9634199552.00
SH000959,2006-03-30,1091.3500,1092.8200,1083.3100,1083.3100,1118199200,6762499072.00
SH000959,2006-03-31,1081.5100,1092.9500,1080.9700,1092.7500,1144591200,6754160128.00
SH000959,2006-04-03,1094.8800,1107.4900,1094.8800,1107.4800,1420436300,8897495040.00
SH000959,2006-04-04,1107.9700,1116.0700,1105.0100,1116.0700,1541316400,9570359296.00
SH000959,2006-04-05,1123.0600,1134.4000,1123.0600,1133.8100,1746242400,10891624448.00
SH000959,2006-04-06,1133.6800,1140.4000,1128.1400,1133.4500,1682042400,10492922880.00
SH000959,2006-04-07,1133.8500,1136.5400,1125.4100,1134.4400,1564775100,9760732160.00
SH000959,2006-04-10,1135.9800,1152.2400,1133.6000,1152.2400,1465347400,9025034240.00
SH000959,2006-04-11,1154.5800,1162.2100,1149.1600,1158.7800,1644177500,10631795712.00
SH000959,2006-04-12,1159.0400,1159.0400,1150.0700,1150.0700,1219691300,7795656192.00
SH000959,2006-04-13,1149.5100,1154.3400,1127.7400,1127.8800,1461472300,8558009856.00
SH000959,2006-04-14,1125.6800,1154.2700,1125.6800,1154.2700,1840045400,9878704128.00
SH000959,2006-04-17,1154.8400,1163.6600,1151.8000,1162.0300,2002266400,11233495040.00
SH000959,2006-04-18,1166.9700,1173.2100,1158.8800,1169.0400,1802618000,10583023616.00
SH000959,2006-04-19,1177.3300,1183.9900,1167.9700,1183.9000,1935217600,12114160640.00
SH000959,2006-04-20,1184.8300,1191.9100,1180.7300,1187.2600,1947659000,12698846208.00
SH000959,2006-04-21,1186.7000,1206.4200,1180.0000,1206.0800,2141107600,13523175424.00
SH000959,2006-04-24,1221.0900,1221.0900,1198.9000,1209.7500,2402328400,15152177152.00
SH000959,2006-04-25,1206.0200,1211.6600,1187.4000,1204.1700,1949012800,12554086400.00
SH000959,2006-04-26,1203.6100,1227.0800,1203.6100,1220.4900,2164006600,14319859712.00
SH000959,2006-04-27,1221.5100,1222.8800,1211.4400,1216.0000,1633415200,10767478784.00
SH000959,2006-04-28,1201.8000,1234.3400,1184.5600,1233.8200,2292116800,14889670656.00
SH000959,2006-05-08,1241.9100,1281.8100,1241.9100,1280.9200,2380768200,15708852224.00
SH000959,2006-05-09,1288.6900,1318.5600,1287.9800,1318.5500,2684075600,18542741504.00
SH000959,2006-05-10,1327.9700,1340.8400,1312.4800,1336.3400,2519694400,18214803456.00
SH000959,2006-05-11,1335.7000,1371.7700,1328.1600,1329.4900,2839667200,20069808128.00
SH000959,2006-05-12,1327.0800,1375.7700,1327.0800,1375.7400,2612164000,18512211968.00
SH000959,2006-05-15,1394.8300,1439.0800,1387.5500,1439.0800,3783480000,26611937280.00
SH000959,2006-05-16,1445.2000,1463.5700,1392.6800,1403.2300,3934710400,29605079040.00
SH000959,2006-05-17,1399.6500,1417.1700,1369.3400,1398.4900,2946267200,22562236416.00
SH000959,2006-05-18,1381.5000,1412.7900,1365.6700,1404.1600,2544534000,18395901952.00
SH000959,2006-05-19,1404.9800,1443.6800,1404.9800,1439.8300,3891052000,21622480896.00
SH000959,2006-05-22,1436.5300,1459.7400,1436.5300,1446.3300,3460923200,21256087552.00
SH000959,2006-05-23,1442.3300,1442.3300,1383.6800,1384.4300,3062576800,19127752704.00
SH000959,2006-05-24,1399.4900,1410.0800,1344.8900,1375.7400,2579802600,17293973504.00
SH000959,2006-05-25,1374.1800,1386.0400,1354.4000,1377.1500,1714812800,11660495872.00
SH000959,2006-05-26,1384.1200,1408.6000,1381.7100,1408.3000,1852610400,12403226624.00
SH000959,2006-05-29,1420.7800,1458.8100,1415.3300,1456.8900,2216790400,15070742528.00
SH000959,2006-05-30,1475.1200,1488.3300,1465.8000,1481.4700,2042927200,15124983808.00
SH000959,2006-05-31,1476.2000,1488.2800,1459.5800,1467.6700,2063508200,14570311680.00
SH000959,2006-06-01,1465.2300,1511.7900,1465.2300,1511.7900,2271139200,15495165952.00
SH000959,2006-06-02,1514.0700,1521.6900,1488.9200,1498.1200,2732033200,18303815680.00
SH000959,2006-06-05,1498.4500,1508.9500,1473.8800,1508.9500,2586989200,15004914688.00
SH000959,2006-06-06,1503.9800,1515.8100,1496.3000,1501.1600,2066949800,12996447232.00
SH000959,2006-06-07,1502.4100,1502.4100,1415.8000,1416.8100,2528291600,17034475520.00
SH000959,2006-06-08,1406.9400,1427.8600,1384.6900,1427.8600,2087342800,14006481920.00
SH000959,2006-06-09,1424.8100,1428.6600,1402.3700,1403.9900,1672113500,11269080064.00
SH000959,2006-06-12,1392.5400,1419.9300,1392.5400,1412.0500,1229784300,8707047424.00
SH000959,2006-06-13,1412.2000,1427.3400,1399.4800,1412.0500,1242505300,9274939392.00
SH000959,2006-06-14,1402.9600,1402.9600,1376.8000,1388.1500,1158409700,7789172224.00
SH000959,2006-06-15,1392.1500,1406.1100,1388.3400,1390.1600,916567800,6319873024.00
SH000959,2006-06-16,1404.1500,1423.6600,1404.1500,1423.6600,1225645300,8608524288.00
SH000959,2006-06-19,1412.0400,1453.4900,1412.0400,1442.7600,1436293100,10266419200.00
SH000959,2006-06-20,1441.2200,1448.6900,1434.7700,1446.4400,1253271400,8928101376.00
SH000959,2006-06-21,1445.0500,1451.3200,1425.6100,1440.6300,1412252800,9040565248.00
SH000959,2006-06-22,1440.6700,1443.1400,1430.8900,1434.3300,1218827000,8016273920.00
SH000959,2006-06-23,1430.4000,1439.0800,1419.7500,1439.0800,1147140300,7923025920.00
SH000959,2006-06-26,1442.3900,1465.5700,1442.3900,1465.5600,1464303200,10453127168.00
SH000959,2006-06-27,1466.5300,1473.0500,1459.7900,1467.0400,1148136000,8033466880.00
SH000959,2006-06-28,1464.2700,1465.0800,1456.9000,1463.2700,1061565800,7327078912.00
SH000959,2006-06-29,1464.6200,1494.8500,1464.6200,1493.9600,1934354800,12663716864.00
SH000959,2006-06-30,1501.4600,1507.6100,1484.1200,1492.9400,1749320400,11904479232.00
SH000959,2006-07-03,1497.5700,1523.0000,1496.6200,1523.0000,1946881600,13720082432.00
SH000959,2006-07-04,1524.8600,1526.0900,1502.0800,1509.4100,2001797200,15273584640.00
SH000959,2006-07-05,1509.0600,1509.0600,1482.4700,1500.4300,1575099700,11284004864.00
SH000959,2006-07-06,1498.9300,1523.7600,1498.9300,1523.7600,1375992400,10487284736.00
SH000959,2006-07-07,1528.5100,1528.5100,1513.0800,1513.8800,1448418300,11140325376.00
SH000959,2006-07-10,1513.6300,1517.0100,1501.4800,1516.3900,1219612900,9425402880.00
SH000959,2006-07-11,1518.2300,1522.2000,1507.6500,1522.2000,1229432800,9310906368.00
SH000959,2006-07-12,1520.5000,1532.0500,1516.7600,1518.1000,1607149600,12947603456.00
SH000959,2006-07-13,1514.8500,1517.3100,1439.2300,1439.2500,2101238200,15513818112.00
SH000959,2006-07-14,1425.9100,1462.5600,1425.9100,1451.5800,1405220900,10307277824.00
SH000959,2006-07-17,1449.7200,1466.7400,1449.7200,1466.7400,1014677600,7835722240.00
SH000959,2006-07-18,1464.5800,1466.4400,1452.6400,1466.4400,966863300,7235340800.00
SH000959,2006-07-19,1462.8000,1462.8000,1421.4000,1426.2700,1048144600,7725977088.00
SH000959,2006-07-20,1426.7900,1436.1800,1418.1000,1433.0500,712237600,5254119936.00
SH000959,2006-07-21,1431.5100,1446.8600,1431.5100,1446.8600,858134000,6016786944.00
SH000959,2006-07-24,1427.8400,1446.3100,1427.7700,1446.1800,899733600,6354334208.00
SH000959,2006-07-25,1452.5800,1468.4100,1452.5800,1465.8000,948753500,6966540800.00
SH000959,2006-07-26,1469.1200,1469.3500,1461.5800,1463.7400,799234800,5829508096.00
SH000959,2006-07-27,1464.8600,1468.9000,1441.6100,1451.0700,983262700,7157416960.00
SH000959,2006-07-28,1449.7500,1452.7500,1421.7600,1435.0700,884076200,6714186752.00
SH000959,2006-07-31,1432.0600,1432.0600,1386.2800,1386.9000,931089400,6270877184.00
SH000959,2006-08-01,1385.5100,1392.8700,1370.3500,1374.2700,713816300,4798758912.00
SH000959,2006-08-02,1375.2500,1378.2600,1347.0100,1360.7900,784907300,5163763200.00
SH000959,2006-08-03,1362.7800,1366.7000,1342.6300,1350.1900,614707100,4350956032.00
SH000959,2006-08-04,1350.4000,1356.2800,1320.5400,1322.4800,718725800,4976504832.00
SH000959,2006-08-07,1317.0900,1328.1000,1310.4200,1311.9600,710395900,4588241920.00
SH000959,2006-08-08,1313.9200,1338.2000,1313.9200,1338.2000,669413500,4609800192.00
SH000959,2006-08-09,1339.0800,1340.1000,1329.4400,1334.0700,561796400,3780100096.00
SH000959,2006-08-10,1335.1300,1355.3300,1335.1300,1355.3300,889076800,5504012800.00
SH000959,2006-08-11,1357.3200,1359.5500,1349.8800,1358.2900,670644900,4580591104.00
SH000959,2006-08-14,1359.3000,1360.1600,1321.0200,1323.7100,748456300,5193567232.00
SH000959,2006-08-15,1322.7000,1344.1100,1318.4000,1344.1100,702338000,4778129920.00
SH000959,2006-08-16,1345.9500,1364.8800,1342.5900,1364.8800,1010980100,6733948928.00
SH000959,2006-08-17,1364.2500,1364.2500,1347.3000,1353.8000,658262000,4378775040.00
SH000959,2006-08-18,1352.9400,1361.3400,1350.4500,1351.8500,663104300,4249926912.00
SH000959,2006-08-21,1319.6300,1360.8900,1319.6300,1360.8900,636478600,4322554880.00
SH000959,2006-08-22,1359.8700,1374.7900,1359.4900,1372.3400,797428100,6054992896.00
SH000959,2006-08-23,1372.5700,1375.5300,1365.2100,1366.8400,877681100,6378001920.00
SH000959,2006-08-24,1367.5300,1373.9900,1357.3300,1373.9900,682520600,4979851264.00
SH000959,2006-08-25,1374.3700,1381.5100,1373.4000,1375.1400,765912400,5468996096.00
SH000959,2006-08-28,1377.0700,1406.1100,1376.9400,1406.1100,1183593400,8808537088.00
SH000959,2006-08-29,1408.5100,1437.3800,1407.5800,1418.4300,1344328100,10505254912.00
SH000959,2006-08-30,1414.5200,1420.0400,1408.3400,1419.4900,821698400,6105090048.00
SH000959,2006-08-31,1420.8500,1426.7700,1414.4600,1422.9400,953080000,6737448960.00
SH000959,2006-09-01,1419.1100,1423.6300,1401.3400,1403.6200,1047835700,7313410048.00
SH000959,2006-09-04,1406.0800,1424.8600,1406.0800,1424.8600,842611200,5799242752.00
SH000959,2006-09-05,1422.7800,1428.9800,1417.8000,1423.3200,1175158700,7968604160.00
SH000959,2006-09-06,1425.2300,1431.5200,1417.2800,1431.0100,1091256500,7249693184.00
SH000959,2006-09-07,1427.3800,1427.7300,1408.6100,1412.2100,1024465500,6880652800.00
SH000959,2006-09-08,1411.1100,1414.1900,1406.8600,1410.2900,717487200,4886937088.00
SH000959,2006-09-11,1411.8300,1413.3300,1395.6700,1411.2700,992381900,6807449088.00
SH000959,2006-09-12,1410.0600,1419.5800,1408.9100,1418.4200,1261999200,7922828800.00
SH000959,2006-09-13,1419.2300,1424.9100,1406.6200,1407.4300,1748146800,10281584640.00
SH000959,2006-09-14,1407.8200,1410.5700,1393.0900,1406.2500,1095288100,7320482816.00
SH000959,2006-09-15,1405.8600,1429.6400,1405.8600,1429.6400,1910589400,10926325760.00
SH000959,2006-09-18,1435.6400,1443.7000,1430.6800,1443.7000,1561936500,9761341440.00
SH000959,2006-09-19,1446.1900,1453.9900,1440.4900,1445.2400,1122214200,7746915840.00
SH000959,2006-09-20,1442.3900,1448.0900,1434.6300,1444.3900,1061908800,7137139200.00
SH000959,2006-09-21,1446.1800,1455.5900,1445.7800,1453.2100,1251997900,8547972096.00
SH000959,2006-09-22,1454.5600,1455.3700,1443.0200,1446.4400,1433671900,10425794560.00
SH000959,2006-09-25,1445.0400,1461.1300,1441.1000,1448.3100,1156961000,8744231936.00
SH000959,2006-09-26,1447.6600,1447.6600,1428.9600,1433.5000,967255100,6718657024.00
SH000959,2006-09-27,1432.2000,1439.7200,1425.9000,1439.7200,806043500,5709049856.00
SH000959,2006-09-28,1439.7900,1461.0800,1438.6400,1458.1800,1015472100,7335414784.00
SH000959,2006-09-29,1460.0200,1472.7500,1460.0200,1470.7600,1256763100,9193594880.00
SH000959,2006-10-09,1484.3700,1498.3000,1483.5700,1498.3000,1922758000,13327683584.00
SH000959,2006-10-10,1499.0700,1501.5000,1486.6500,1493.6200,1912834400,13072961536.00
SH000959,2006-10-11,1492.4000,1494.6700,1477.0300,1485.4600,1553559200,9919154176.00
SH000959,2006-10-12,1484.4800,1485.3000,1473.9400,1477.6700,1769450400,10702522368.00
SH000959,2006-10-13,1475.6900,1486.5300,1475.6900,1481.4500,1368818600,9188143104.00
SH000959,2006-10-16,1482.7000,1482.7000,1460.9800,1463.0400,1226475700,8741363712.00
SH000959,2006-10-17,1464.1300,1475.0800,1460.5800,1467.6500,1069436000,7774103040.00
SH000959,2006-10-18,1466.6800,1488.0400,1466.6800,1488.0400,1132188200,8016819200.00
SH000959,2006-10-19,1488.8800,1493.5900,1483.2100,1488.3600,1022407800,6856064000.00
SH000959,2006-10-20,1489.3400,1491.4900,1481.8900,1482.1900,1149779500,8114273792.00
SH000959,2006-10-23,1481.5800,1484.2400,1450.6300,1454.5300,1331302500,8847300608.00
SH000959,2006-10-24,1455.2600,1483.6400,1455.2600,1483.6400,1245291600,8468241920.00
SH000959,2006-10-25,1486.7400,1500.1100,1480.4700,1491.4400,1497778500,11587888128.00
SH000959,2006-10-26,1491.4300,1502.8400,1482.9000,1502.2100,2306380000,13205666816.00
SH000959,2006-10-27,1501.9900,1504.7800,1483.7900,1491.8200,2100464400,12920730624.00
SH000959,2006-10-30,1489.4600,1500.1900,1482.0100,1500.1900,1833497800,11286382592.00
SH000959,2006-10-31,1501.1600,1523.9600,1501.1600,1523.9600,1932300800,12222380032.00
SH000959,2006-11-01,1525.3500,1542.5700,1524.1700,1542.5700,2113181600,13833651200.00
SH000959,2006-11-02,1545.5300,1551.5700,1540.2700,1551.5700,2404678800,15277128704.00
SH000959,2006-11-03,1553.9300,1569.0100,1553.9300,1560.2500,2257592400,14597405696.00
SH000959,2006-11-06,1550.9000,1579.8700,1550.9000,1579.8700,2308158800,15345399808.00
SH000959,2006-11-07,1585.3600,1597.2000,1572.5900,1597.2000,2379038800,17573474304.00
SH000959,2006-11-08,1596.9800,1596.9800,1577.8000,1578.9500,1660390400,12417404928.00
SH000959,2006-11-09,1567.9300,1597.9900,1567.9300,1595.8400,2102193200,14844594176.00
SH000959,2006-11-10,1595.7400,1598.7800,1554.2800,1565.3500,2517368400,18273286144.00
SH000959,2006-11-13,1562.2200,1568.5700,1527.6300,1534.2800,1928322400,14205546496.00
SH000959,2006-11-14,1531.3800,1553.8400,1514.5000,1553.8400,1789496400,13008010240.00
SH000959,2006-11-15,1552.7600,1598.7000,1549.9700,1598.7000,2130550400,16383115264.00
SH000959,2006-11-16,1602.3600,1617.0300,1592.2800,1592.8100,2643606400,19281344512.00
SH000959,2006-11-17,1587.3300,1628.2200,1587.3300,1628.2200,2073820000,15113115648.00
SH000959,2006-11-20,1633.4600,1652.2600,1629.7400,1652.2600,2854782200,19937374208.00
SH000959,2006-11-21,1651.5600,1674.8000,1627.9100,1674.8000,2671331600,20590925824.00
SH000959,2006-11-22,1675.2400,1702.4900,1672.5900,1687.5600,3043781800,23329671168.00
SH000959,2006-11-23,1686.7400,1701.3700,1680.8400,1696.8000,2713544000,18855053312.00
SH000959,2006-11-24,1693.4700,1711.5100,1677.1100,1706.9000,2684860600,19839969280.00
SH000959,2006-11-27,1706.8500,1734.0400,1706.8500,1734.0400,2381472000,19033321472.00
SH000959,2006-11-28,1733.7600,1739.3700,1714.5000,1727.9100,2215818000,17171824640.00
SH000959,2006-11-29,1699.0400,1754.1000,1699.0400,1748.1000,2185961200,17324492800.00
SH000959,2006-11-30,1751.9400,1788.1200,1751.9400,1787.0300,2771984000,21783830528.00
SH000959,2006-12-01,1789.6300,1822.1800,1789.6300,1809.5000,2496069200,21897943040.00
SH000959,2006-12-04,1811.9400,1855.3000,1811.9400,1850.1600,3348312400,26194589696.00
SH000959,2006-12-05,1854.2800,1878.8300,1849.2900,1864.0200,3258836200,27062149120.00
SH000959,2006-12-06,1863.5900,1874.0200,1793.7900,1845.2100,3987223600,30541258752.00
SH000959,2006-12-07,1838.7000,1882.9500,1831.8700,1832.4100,4050021600,30369282048.00
SH000959,2006-12-08,1806.4600,1824.4900,1766.1600,1767.7000,3172309200,24144379904.00
SH000959,2006-12-11,1784.9100,1838.1900,1775.6800,1838.1900,2416742600,19149379584.00
SH000959,2006-12-12,1847.5000,1865.3700,1823.7200,1849.9800,2745896000,22449803264.00
SH000959,2006-12-13,1851.9900,1857.0000,1836.1900,1852.9400,2349037600,19621193728.00
SH000959,2006-12-14,1856.7200,1883.1200,1856.7200,1883.1200,2118292000,18485178368.00
SH000959,2006-12-15,1889.6800,1918.8600,1882.6900,1918.8600,2249761600,20654528512.00
SH000959,2006-12-18,1932.1900,1969.3400,1932.1900,1965.7000,2986733800,26781937664.00
SH000959,2006-12-19,1971.6700,1976.9900,1927.4600,1967.1400,3215713600,27832938496.00
SH000959,2006-12-20,1958.6200,1979.0500,1949.4700,1978.7100,2398485200,20118601728.00
SH000959,2006-12-21,1990.0000,1995.5100,1956.2100,1956.2200,2885356400,24355903488.00
SH000959,2006-12-22,1956.8900,1957.5700,1921.4000,1933.2800,2076352800,18641721344.00
SH000959,2006-12-25,1955.7900,1982.0200,1947.6600,1963.9600,2528033600,23207045120.00
SH000959,2006-12-26,1967.1700,1973.4600,1938.3100,1950.8700,2472714800,20139872256.00
SH000959,2006-12-27,1950.8700,1986.7300,1950.8700,1984.0100,2837314800,22143952896.00
SH000959,2006-12-28,1987.6100,2007.0600,1964.2800,1979.4400,2963993200,24825247744.00
SH000959,2006-12-29,1984.7500,2044.6000,1984.7500,2037.5100,3440404000,31369396224.00
SH000959,2007-01-04,2059.6900,2105.6900,2054.3200,2058.9100,6032828800,54148939776.00
SH000959,2007-01-05,2047.8600,2094.1500,2047.8600,2094.1500,5086996800,42762661888.00
SH000959,2007-01-08,2094.8000,2155.2500,2094.8000,2155.2500,4376078800,39305383936.00
SH000959,2007-01-09,2157.7300,2219.3700,2155.4800,2219.3700,4149812400,39370244096.00
SH000959,2007-01-10,2224.6200,2272.8100,2217.0400,2272.8100,4212772000,40602939392.00
SH000959,2007-01-11,2273.0700,2312.7200,2255.4000,2258.8100,3926983200,38507175936.00
SH000959,2007-01-12,2244.2900,2278.2000,2200.1600,2203.4100,3554487600,34979827712.00
SH000959,2007-01-15,2200.1600,2312.6500,2200.1600,2312.6500,3234430800,33394728960.00
SH000959,2007-01-16,2317.0100,2396.7400,2317.0100,2396.7400,3760966800,40122241024.00
SH000959,2007-01-17,2397.0800,2435.4900,2331.3200,2363.1000,4175444400,45908930560.00
SH000959,2007-01-18,2344.2200,2395.5000,2323.9200,2395.4600,3898674800,41454542848.00
SH000959,2007-01-19,2404.3700,2487.3000,2404.3700,2487.3000,3706647600,39977005056.00
SH000959,2007-01-22,2499.3500,2590.2800,2499.3500,2590.2800,4302770400,44628361216.00
SH000959,2007-01-23,2604.9700,2604.9700,2508.8100,2581.7300,4862487200,52164829184.00
SH000959,2007-01-24,2576.2200,2616.5400,2556.1700,2600.0100,4172904800,47002730496.00
SH000959,2007-01-25,2572.6700,2583.2800,2513.7900,2513.7900,3882521600,43878678528.00
SH000959,2007-01-26,2479.3200,2574.7500,2422.1000,2573.9600,4027524800,44694155264.00
SH000959,2007-01-29,2589.1400,2632.9700,2589.1400,2632.9700,4532865600,48133779456.00
SH000959,2007-01-30,2636.8800,2656.5900,2624.0100,2628.8100,4123072000,43810627584.00
SH000959,2007-01-31,2625.5500,2625.5500,2454.8700,2466.1300,4351472800,43468505088.00
SH000959,2007-02-01,2429.6200,2491.8000,2406.7100,2475.7100,3297670600,34118326272.00
SH000959,2007-02-02,2472.1100,2472.1100,2382.3200,2384.4700,3019112000,30799093760.00
SH000959,2007-02-05,2369.1700,2388.7400,2343.9800,2359.5000,2417403200,24763887616.00
SH000959,2007-02-06,2358.7200,2382.6000,2297.0200,2382.6000,3835796800,38718525440.00
SH000959,2007-02-07,2398.0900,2445.7700,2398.0900,2434.2800,3770014000,39762567168.00
SH000959,2007-02-08,2439.6400,2488.9400,2429.8200,2485.5400,2897508000,31651817472.00
SH000959,2007-02-09,2486.1000,2490.2300,2467.1900,2478.3600,2577910400,27459182592.00
SH000959,2007-02-12,2480.2600,2562.7400,2480.2600,2562.7400,2702353200,29373032448.00
SH000959,2007-02-13,2578.4800,2612.1100,2577.6000,2608.9900,2442475000,26927630336.00
SH000959,2007-02-14,2608.9900,2675.0800,2608.9900,2669.3400,2924141600,31932768256.00
SH000959,2007-02-15,2680.7600,2746.2200,2680.7600,2746.2200,3161272800,35316809728.00
SH000959,2007-02-16,2766.7300,2804.9300,2753.7100,2762.3200,3202735800,35860996096.00
SH000959,2007-02-26,2776.7300,2802.8400,2746.1800,2802.8400,3444350800,37497819136.00
SH000959,2007-02-27,2812.8500,2812.8500,2554.6900,2556.2700,4730333200,52022898688.00
SH000959,2007-02-28,2511.2500,2652.0500,2511.2500,2644.4900,3665378800,39949271040.00
SH000959,2007-03-01,2650.6700,2650.6700,2536.4000,2562.4600,3311308400,35950510080.00
SH000959,2007-03-02,2563.5800,2617.9200,2563.5800,2602.8900,2497210600,27937945600.00
SH000959,2007-03-05,2601.6000,2644.1600,2525.9800,2577.8000,2991760800,31552593920.00
SH000959,2007-03-06,2569.9200,2630.3300,2569.9200,2622.4300,2552413400,27693922304.00
SH000959,2007-03-07,2637.3900,2694.0500,2636.2300,2684.6400,2748545000,29879164928.00
SH000959,2007-03-08,2691.7800,2720.2300,2671.3700,2719.2400,2249420400,25850718208.00
SH000959,2007-03-09,2723.5100,2728.9000,2677.9600,2696.1800,3270335200,34883043328.00
SH000959,2007-03-12,2695.5200,2699.9800,2658.6300,2699.9800,2737891200,29821480960.00
SH000959,2007-03-13,2702.8800,2733.4100,2692.7300,2733.4100,2540513600,28306137088.00
SH000959,2007-03-14,2711.3100,2721.9000,2653.2200,2699.2600,2777234000,31253540864.00
SH000959,2007-03-15,2697.5500,2747.1200,2697.5500,2746.3900,2627804400,30614259712.00
SH000959,2007-03-16,2760.3500,2760.3500,2696.3200,2716.6400,3283763200,37750714368.00
SH000959,2007-03-19,2647.4300,2756.7500,2647.4300,2752.1000,3903528800,41487564800.00
SH000959,2007-03-20,2761.8200,2761.8200,2744.0200,2761.1600,2775375800,31208097792.00
SH000959,2007-03-21,2776.5100,2779.8000,2748.2600,2779.6800,2774560000,34836635648.00
SH000959,2007-03-22,2795.2100,2807.9800,2781.0900,2783.8100,3834134000,44812541952.00
SH000959,2007-03-23,2793.0300,2803.2900,2736.7800,2796.4300,3393214800,40026714112.00
SH000959,2007-03-26,2806.4000,2827.3300,2796.7300,2827.3300,3360596800,38332649472.00
SH000959,2007-03-27,2835.0400,2842.1300,2817.8500,2840.0100,3450950400,40855846912.00
SH000959,2007-03-28,2842.4600,2850.8900,2740.6800,2835.6400,5492868800,58851713024.00
SH000959,2007-03-29,2836.8800,2842.6200,2809.0000,2809.1600,6314155600,68389900288.00
SH000959,2007-03-30,2800.7200,2822.1400,2786.2200,2806.6200,3192684400,36394643456.00
SH000959,2007-04-02,2818.4500,2861.8400,2817.1900,2861.8400,3322552800,41603432448.00
SH000959,2007-04-03,2872.4200,2908.9800,2872.3000,2908.9700,3493053200,45107650560.00
SH000959,2007-04-04,2916.7000,2951.9000,2910.7300,2942.4700,3508465200,46525181952.00
SH000959,2007-04-05,2943.9300,2980.5200,2943.9300,2974.0200,3454001200,44966215680.00
SH000959,2007-04-06,2956.1700,3030.7400,2956.1700,3023.9500,3551600400,47438823424.00
SH000959,2007-04-09,3061.0000,3089.4500,3060.9000,3081.7200,3955373600,51436728320.00
SH000959,2007-04-10,3090.3100,3114.1400,3046.0600,3114.1400,4627508000,60639309824.00
SH000959,2007-04-11,3121.5800,3153.1100,3095.5000,3148.4300,4853189600,65833230336.00
SH000959,2007-04-12,3160.3000,3231.2400,3160.3000,3231.2400,4383255600,62297350144.00
SH000959,2007-04-13,3237.8500,3283.1500,3237.8500,3242.8400,4436290000,64548597760.00
SH000959,2007-04-16,3252.0600,3327.4500,3252.0600,3327.4500,3899166000,55334244352.00
SH000959,2007-04-17,3343.5400,3366.1900,3270.5900,3361.9700,4374990400,63968382976.00
SH000959,2007-04-18,3377.2400,3409.5700,3350.2800,3404.8600,4391021600,62456758272.00
SH000959,2007-04-19,3394.0800,3394.0800,3214.8000,3271.3500,5217611600,70841606144.00
SH000959,2007-04-20,3294.7900,3414.2900,3294.7900,3406.6700,3893589200,54311297024.00
SH000959,2007-04-23,3443.7300,3553.3300,3443.7300,3553.3300,5117221600,68448907264.00
SH000959,2007-04-24,3577.0900,3629.5500,3558.6900,3583.1700,4850693200,68199030784.00
SH000959,2007-04-25,3561.2500,3570.3900,3488.8200,3567.0600,4914205600,64724303872.00
SH000959,2007-04-26,3576.0200,3600.5000,3573.4700,3600.5000,3696846800,52197265408.00
SH000959,2007-04-27,3606.0800,3606.0800,3552.3700,3561.3100,3666682800,53569880064.00
SH000959,2007-04-30,3555.9900,3633.3500,3555.6400,3630.6400,3952494000,61606182912.00
SH000959,2007-05-08,3652.7400,3762.9600,3652.7400,3762.2100,4596081600,70494019584.00
SH000959,2007-05-09,3780.2900,3780.2900,3633.4100,3725.3200,7236560000,96604725248.00
SH000959,2007-05-10,3722.8500,3753.6700,3689.2600,3738.1500,5685395200,77157335040.00
SH000959,2007-05-11,3712.5300,3712.5300,3642.2100,3701.3900,4217666000,65570795520.00
SH000959,2007-05-14,3639.6100,3750.4300,3639.6100,3725.4700,4406572800,69330345984.00
SH000959,2007-05-15,3725.4700,3745.2400,3626.6800,3629.2900,4296867200,65398489088.00
SH000959,2007-05-16,3632.3600,3742.3800,3601.3900,3742.3800,3703010400,59448733696.00
SH000959,2007-05-17,3763.3600,3841.2200,3763.3600,3826.5100,3859768000,62699810816.00
SH000959,2007-05-18,3818.6700,3876.2200,3811.7700,3858.7100,3323850400,52984619008.00
SH000959,2007-05-21,3734.9200,3933.3500,3734.9200,3933.3500,4218829200,64536625152.00
SH000959,2007-05-22,3953.9700,3978.1100,3941.8400,3954.3000,4396515200,68373893120.00
SH000959,2007-05-23,3963.3200,4016.3000,3934.3900,4016.3000,4038280800,63239553024.00
SH000959,2007-05-24,4024.3700,4028.6600,3924.1800,3962.6500,4665230800,74462371840.00
SH000959,2007-05-25,3946.7900,4048.2400,3946.7900,4043.1100,3951796000,66291122176.00
SH000959,2007-05-28,4090.4200,4168.2600,4090.4200,4151.2100,5054939600,83592126464.00
SH000959,2007-05-29,4177.8400,4311.5300,4177.8400,4311.5300,4887592000,81009975296.00
SH000959,2007-05-30,4046.2600,4267.2400,4020.0800,4059.5300,6671006400,109561913344.00
SH000959,2007-05-31,4007.6100,4196.4300,3882.7400,4156.7000,6303382400,102821904384.00
SH000959,2007-06-01,4187.3300,4256.3400,4042.5000,4043.0800,5768400400,99692986368.00
SH000959,2007-06-04,4039.0000,4039.0000,3741.1400,3743.0900,4415822800,66593239040.00
SH000959,2007-06-05,3715.2000,3847.4300,3470.8300,3847.4300,4927661600,72224473088.00
SH000959,2007-06-06,3876.1900,3938.4600,3820.4300,3931.9500,3762886800,61766414336.00
SH000959,2007-06-07,3931.9500,4090.0600,3931.9500,4090.0600,3877191200,64124018688.00
SH000959,2007-06-08,4101.1600,4164.7300,4075.3400,4142.3300,3568943600,62113234944.00
SH000959,2007-06-11,4174.4900,4280.9100,4174.4900,4276.6100,3980080400,65936588800.00
SH000959,2007-06-12,4307.2600,4441.8000,4241.3700,4441.8000,4318560800,76768829440.00
SH000959,2007-06-13,4482.5600,4529.8400,4474.9700,4488.8200,4784594800,78740520960.00
SH000959,2007-06-14,4472.1800,4530.0400,4449.4900,4482.2900,3405654400,60523429888.00
SH000959,2007-06-15,4452.9200,4534.0200,4452.9200,4526.6300,2949110200,50949390336.00
SH000959,2007-06-18,4606.7500,4678.6000,4606.7500,4666.0700,3851714400,66326814720.00
SH000959,2007-06-19,4666.8700,4686.4800,4623.8900,4677.3100,3348390400,58645803008.00
SH000959,2007-06-20,4692.3100,4695.5200,4565.5300,4565.5300,3409139600,61673156608.00
SH000959,2007-06-21,4548.1500,4605.9600,4520.3700,4578.4800,3047132400,55721594880.00
SH000959,2007-06-22,4552.2500,4576.4800,4372.7700,4428.6800,3326209600,58847883264.00
SH000959,2007-06-25,4409.6200,4468.4700,4218.6200,4228.2500,3157722800,56401457152.00
SH000959,2007-06-26,4148.8600,4266.1500,4105.0700,4266.1500,2361452200,40169046016.00
SH000959,2007-06-27,4288.0400,4400.8600,4250.3700,4397.1200,2875369200,50036731904.00
SH000959,2007-06-28,4395.0000,4419.1000,4189.8700,4189.8700,3099579200,50354458624.00
SH000959,2007-06-29,4180.3200,4234.8500,4116.7100,4159.7800,2765558000,47361937408.00
SH000959,2007-07-02,4146.9000,4197.9300,4052.9200,4140.9600,2258055600,38722191360.00
SH000959,2007-07-03,4160.7200,4239.1600,4155.2800,4239.1500,2253763000,37717164032.00
SH000959,2007-07-04,4246.6400,4246.6400,4132.6500,4133.8100,1819352000,31404834816.00
SH000959,2007-07-05,4081.6700,4081.6700,3898.9400,3898.9400,1974421200,33105045504.00
SH000959,2007-07-06,3965.0500,4074.2700,3840.4000,4074.2600,2188339400,37623549952.00
SH000959,2007-07-09,4107.0800,4221.2200,4107.0800,4203.7400,2472556200,43316613120.00
SH000959,2007-07-10,4215.3300,4215.3300,4114.2800,4123.6400,2679542400,46288220160.00
SH000959,2007-07-11,4104.3800,4146.6900,4091.1200,4146.6800,1613927400,29101903872.00
SH000959,2007-07-12,4159.0700,4172.0400,4127.2900,4152.4000,1494039400,25879502848.00
SH000959,2007-07-13,4155.6500,4155.6500,4111.8300,4142.9100,1234614000,20796026880.00
SH000959,2007-07-16,4143.7700,4143.7700,4029.1300,4029.6100,1345913400,24649549824.00
SH000959,2007-07-17,4025.1200,4130.1900,4001.1400,4116.2700,1714419400,31493099520.00
SH000959,2007-07-18,4090.3000,4160.6500,4088.7400,4123.7400,2730610000,46215626752.00
SH000959,2007-07-19,4119.8800,4141.0700,4106.9400,4121.1100,1557582500,27514765312.00
SH000959,2007-07-20,4123.1300,4271.7100,4123.1300,4271.7000,2902720400,49587138560.00
SH000959,2007-07-23,4288.8400,4455.8400,4288.8400,4455.8300,4296392000,73825091584.00
SH000959,2007-07-24,4482.6700,4516.1100,4433.3900,4445.6100,3350774400,59590713344.00
SH000959,2007-07-25,4440.2600,4517.6200,4433.2400,4517.6200,3088050400,57541013504.00
SH000959,2007-07-26,4543.3400,4565.6500,4506.4800,4551.9900,2968528600,56905699328.00
SH000959,2007-07-27,4529.6000,4567.6800,4513.9700,4553.8800,2836146000,53216440320.00
SH000959,2007-07-30,4557.3700,4692.7900,4557.3700,4690.6600,3440405600,63461093376.00
SH000959,2007-07-31,4690.5100,4766.6400,4690.5100,4766.6300,3016356600,59347705856.00
SH000959,2007-08-01,4787.2600,4798.2900,4591.0200,4592.2600,3542018400,66107981824.00
SH000959,2007-08-02,4614.0300,4764.4100,4614.0300,4749.0100,2855756800,58255699968.00
SH000959,2007-08-03,4792.3700,4935.6800,4792.3700,4935.6700,4256828000,87715700736.00
SH000959,2007-08-06,4990.7000,5063.8500,4982.5500,5063.8400,3650552400,79178039296.00
SH000959,2007-08-07,5078.7600,5182.9900,5021.6000,5115.5500,3880941600,86413180928.00
SH000959,2007-08-08,5064.3600,5102.8900,4980.7300,5037.1300,5232812800,83565731840.00
SH000959,2007-08-09,5027.8000,5138.8700,5027.8000,5135.7400,4099985200,73155862528.00
SH000959,2007-08-10,5117.9900,5117.9900,4968.7500,5045.7100,3740362000,71186636800.00
SH000959,2007-08-13,5032.5000,5036.8200,4962.7900,4994.6200,4777479200,83683311616.00
SH000959,2007-08-14,4997.4000,5069.1900,4997.4000,5066.6200,3011652000,62890782720.00
SH000959,2007-08-15,5073.2600,5105.0700,5025.3000,5078.4100,3139471600,64475574272.00
SH000959,2007-08-16,5060.8900,5060.8900,4975.7200,5012.5100,3398937600,67341275136.00
SH000959,2007-08-17,5012.5100,5042.1600,4891.2100,4900.9300,3367891200,66847211520.00
SH000959,2007-08-20,5018.8500,5157.2300,5018.8500,5157.2300,3182069600,64812666880.00
SH000959,2007-08-21,5189.9300,5269.5900,5189.9300,5256.8400,3575250400,72894619648.00
SH000959,2007-08-22,5174.7600,5356.3900,5174.7600,5334.1000,3333465000,74969751552.00
SH000959,2007-08-23,5356.6400,5424.2800,5323.0200,5416.2600,3010297200,71358898176.00
SH000959,2007-08-24,5443.0700,5523.6100,5443.0700,5510.0900,3241809600,70798983168.00
SH000959,2007-08-27,5539.9500,5608.0900,5515.1200,5551.9200,3817750800,79161147392.00
SH000959,2007-08-28,5528.1400,5581.4400,5442.8600,5559.1500,3302164200,72959623168.00
SH000959,2007-08-29,5511.9800,5557.7000,5420.9900,5452.4500,3035438400,71635836928.00
SH000959,2007-08-30,5470.6200,5505.2700,5420.7200,5489.4000,2361980800,57418338304.00
SH000959,2007-08-31,5490.5100,5550.8300,5471.7300,5542.2500,2547862200,60440006656.00
SH000959,2007-09-03,5577.9300,5691.6900,5577.9300,5673.1000,3288238400,71710384128.00
SH000959,2007-09-04,5675.4100,5691.3100,5631.6200,5650.7700,3659196400,77998858240.00
SH000959,2007-09-05,5669.8600,5686.2000,5605.5400,5672.3500,2932997200,63885787136.00
SH000959,2007-09-06,5691.2500,5742.6100,5674.7000,5715.6100,3338832000,67717722112.00
SH000959,2007-09-07,5696.5300,5696.5300,5594.1500,5594.9600,3473248400,73708142592.00
SH000959,2007-09-10,5524.5200,5636.4200,5474.0600,5636.4100,2831427600,60396863488.00
SH000959,2007-09-11,5630.1400,5674.9900,5385.0900,5389.7700,2937431000,64403066880.00
SH000959,2007-09-12,5377.9300,5475.8100,5365.4000,5475.8000,2540427200,56373870592.00
SH000959,2007-09-13,5499.6300,5648.2300,5499.6300,5648.2200,2499147200,60193071104.00
SH000959,2007-09-14,5665.2900,5699.3700,5574.9500,5699.3600,2228286200,55628566528.00
SH000959,2007-09-17,5682.3200,5778.7500,5682.3200,5778.7300,2633119600,60726472704.00
SH000959,2007-09-18,5801.5800,5801.5800,5680.4100,5735.3700,2853120400,68299988992.00
SH000959,2007-09-19,5738.4900,5752.5900,5679.1400,5691.9100,2207710400,53293412352.00
SH000959,2007-09-20,5722.8000,5792.7700,5722.8000,5792.7600,2293004400,55800549376.00
SH000959,2007-09-21,5806.9700,5806.9700,5682.5700,5798.8800,2674488400,60814778368.00
SH000959,2007-09-24,5818.8000,5884.1800,5756.4300,5837.6500,2409552600,60981489664.00
SH000959,2007-09-25,5846.0400,5846.0400,5744.6300,5766.4400,1941020000,48996384768.00
SH000959,2007-09-26,5732.0900,5780.6500,5658.9500,5664.9900,1652492200,44351975424.00
SH000959,2007-09-27,5664.4200,5793.1800,5647.6500,5793.1700,1539006500,39228821504.00
SH000959,2007-09-28,5844.9100,5966.5100,5844.9100,5958.1200,2257388000,57550098432.00
SH000959,2007-10-08,6038.4800,6040.6500,5998.1000,6013.6800,3919039600,80863305728.00
SH000959,2007-10-09,5983.6800,6057.2700,5939.0300,6055.8300,2805001600,62538125312.00
SH000959,2007-10-10,6070.2900,6145.7900,6063.0000,6070.2300,3295890600,73133654016.00
SH000959,2007-10-11,6073.6900,6135.0000,6020.9800,6134.9900,3682357600,85706440704.00
SH000959,2007-10-12,6149.0800,6149.3500,5875.8300,6113.3000,3778944800,87855341568.00
SH000959,2007-10-15,6134.8800,6172.3400,6094.9700,6163.7900,3571122000,88195080192.00
SH000959,2007-10-16,6182.0700,6213.3300,6125.7800,6213.3300,3812293600,83627163648.00
SH000959,2007-10-17,6202.8200,6250.7700,6170.1500,6188.6400,2431156800,62699917312.00
SH000959,2007-10-18,6176.9000,6176.9000,5959.2800,5962.4000,2549805800,63554097152.00
SH000959,2007-10-19,5996.0400,6053.1800,5914.8500,5986.2800,1993913600,51155664896.00
SH000959,2007-10-22,5909.0700,5957.0600,5828.0700,5829.7500,1741384000,42918297600.00
SH000959,2007-10-23,5822.7000,5885.1800,5692.3300,5885.1300,2268458000,52781793280.00
SH000959,2007-10-24,5906.0000,5994.6200,5906.0000,5944.2900,2633837800,62752149504.00
SH000959,2007-10-25,5903.5000,5903.5000,5667.6500,5671.5400,2630669000,61530947584.00
SH000959,2007-10-26,5610.1000,5717.8900,5604.1900,5708.4900,1860505400,47829045248.00
SH000959,2007-10-29,5737.6400,5823.9400,5736.2500,5823.9400,1993606800,44917030912.00
SH000959,2007-10-30,5859.0800,5922.9500,5829.3200,5922.6500,2200483200,48207794176.00
SH000959,2007-10-31,5995.4100,6002.8100,5914.2900,6001.4900,2678125200,61108350976.00
SH000959,2007-11-01,6018.5500,6023.8300,5883.3900,5883.4100,2782255600,61883162624.00
SH000959,2007-11-02,5785.4100,5785.4100,5699.5400,5706.8700,2505378800,61352038400.00
SH000959,2007-11-05,5666.8900,5734.0600,5568.1600,5610.3700,1991320400,48550199296.00
SH000959,2007-11-06,5577.9500,5645.7300,5533.8600,5550.6400,1473798000,35008716800.00
SH000959,2007-11-07,5584.7500,5604.7600,5477.3800,5585.9600,1546623200,34907844608.00
SH000959,2007-11-08,5561.6100,5561.6100,5330.7500,5330.9600,2029884000,47350063104.00
SH000959,2007-11-09,5276.0700,5344.6100,5194.3500,5262.4900,2018674800,43949690880.00
SH000959,2007-11-12,5133.3900,5192.4000,4976.8000,5155.6800,2216956800,49126645760.00
SH000959,2007-11-13,5195.1100,5254.1600,5031.5300,5086.8800,2178141400,49481838592.00
SH000959,2007-11-14,5149.5000,5299.8800,5068.6500,5299.8800,1847048800,43801473024.00
SH000959,2007-11-15,5289.2600,5321.0200,5223.1000,5227.2900,1574814500,38476099584.00
SH000959,2007-11-16,5149.9100,5149.9100,5060.9500,5148.6300,1154473600,28647778304.00
SH000959,2007-11-19,5154.5800,5162.9700,5118.0300,5145.9900,1265276400,27539593216.00
SH000959,2007-11-20,5111.4600,5257.8500,5079.1400,5243.0900,1627733800,37913149440.00
SH000959,2007-11-21,5266.1500,5321.4300,5195.3000,5195.3200,1158182500,27028930560.00
SH000959,2007-11-22,5102.5200,5147.5200,4973.6400,4973.6600,1348030700,31500505088.00
SH000959,2007-11-23,4937.2900,5064.0100,4925.7100,5064.0100,1049059500,23971764224.00
SH000959,2007-11-26,5139.4100,5148.0500,5001.9000,5002.8400,1136266800,26468788224.00
SH000959,2007-11-27,4964.6500,4994.8300,4907.5900,4920.4200,1052510100,26034677760.00
SH000959,2007-11-28,4924.3000,4960.7400,4839.5700,4867.7800,1246354400,26893441024.00
SH000959,2007-11-29,4921.7100,5047.1200,4853.2300,5042.4500,2034854600,43007983616.00
SH000959,2007-11-30,4997.2400,5040.7300,4940.7700,4949.6700,1386160500,30042828800.00
SH000959,2007-12-03,4931.6900,4998.1500,4922.5000,4972.0800,1142164600,25237086208.00
SH000959,2007-12-04,4981.6000,5068.4500,4981.6000,5030.0400,1173759600,26188310528.00
SH000959,2007-12-05,5032.1500,5178.5000,5017.7400,5174.7600,1458105800,32648677376.00
SH000959,2007-12-06,5196.7300,5222.4200,5148.4200,5193.9700,1064995600,25606479872.00
SH000959,2007-12-07,5202.8100,5263.1500,5202.8100,5263.1500,1104942900,24952020992.00
SH000959,2007-12-10,5193.2900,5411.7100,5193.2900,5407.3400,1891972800,43713609728.00
SH000959,2007-12-11,5429.3100,5454.0800,5356.6500,5420.8100,1736619600,44803325952.00
SH000959,2007-12-12,5404.5700,5413.8400,5336.9000,5384.2200,1898917800,50352082944.00
SH000959,2007-12-13,5358.7400,5368.7900,5162.7300,5162.7300,1641811900,44114300928.00
SH000959,2007-12-14,5113.3200,5272.1300,5107.8400,5272.1300,1386360700,33562476544.00
SH000959,2007-12-17,5273.5100,5273.5100,5177.0100,5178.9300,1858285600,45508059136.00
SH000959,2007-12-18,5143.8000,5190.5300,5123.5100,5147.8400,1030362500,25773805568.00
SH000959,2007-12-19,5173.0800,5259.5300,5170.3600,5250.4700,1434009000,31192371200.00
SH000959,2007-12-20,5261.1800,5352.1100,5237.4700,5345.7200,1335237300,30022223872.00
SH000959,2007-12-21,5326.5100,5412.7200,5326.5100,5409.1300,1700265600,39365345280.00
SH000959,2007-12-24,5456.4000,5558.0400,5456.4000,5513.2800,2230885200,55047847936.00
SH000959,2007-12-25,5522.2600,5556.7300,5511.1100,5531.1800,1704838400,42394587136.00
SH000959,2007-12-26,5543.5600,5588.3500,5514.1200,5588.1500,1893054400,44756201472.00
SH000959,2007-12-27,5619.2200,5700.4200,5589.3800,5700.4200,2625394000,62199562240.00
SH000959,2007-12-28,5709.4200,5709.4200,5645.9000,5659.6300,2202584400,52543782912.00
SH000959,2008-01-02,5664.3000,5732.9400,5590.0100,5712.7600,2060590800,51916533760.00
SH000959,2008-01-03,5708.6000,5741.5400,5652.2900,5741.5400,2958410200,72323530752.00
SH000959,2008-01-04,5754.5300,5838.2300,5754.5300,5821.6000,2439635600,66280300544.00
SH000959,2008-01-07,5819.5400,5940.4800,5819.5400,5927.9300,2583134800,69708980224.00
SH000959,2008-01-08,5930.7000,5967.0200,5839.4800,5867.6000,3146989800,85431361536.00
SH000959,2008-01-09,5848.5100,5976.6800,5848.5100,5976.3700,2060778400,58316443648.00
SH000959,2008-01-10,5976.3800,6086.5200,5976.3800,6059.9900,3076195200,80819691520.00
SH000959,2008-01-11,6076.6900,6076.6900,6018.2400,6067.6400,2948953800,71570415616.00
SH000959,2008-01-14,6069.9300,6120.5100,6040.0100,6113.5800,2164909800,56881303552.00
SH000959,2008-01-15,6122.8800,6163.1900,6064.2900,6123.4100,2318356400,65979891712.00
SH000959,2008-01-16,6065.7600,6065.7600,5917.8400,5925.9700,2642964400,70691840000.00
SH000959,2008-01-17,5872.5200,5953.5700,5664.6500,5807.6100,2844594800,73348841472.00
SH000959,2008-01-18,5799.5100,5885.4500,5771.6400,5872.4100,1984230600,50047447040.00
SH000959,2008-01-21,5880.6600,5880.6600,5608.8500,5610.2100,2297849800,57380032512.00
SH000959,2008-01-22,5459.0400,5501.0000,5186.6700,5213.2200,3094202800,73868189696.00
SH000959,2008-01-23,5247.0100,5461.9700,5247.0100,5461.9700,2750346000,61518483456.00
SH000959,2008-01-24,5519.8000,5597.0300,5476.2800,5532.5400,2728276400,61737644032.00
SH000959,2008-01-25,5530.3800,5609.0800,5526.3200,5579.6300,2309987600,57193680896.00
SH000959,2008-01-28,5556.6000,5556.6000,5248.2900,5266.8400,2016037600,45427757056.00
SH000959,2008-01-29,5277.1200,5351.1700,5220.0000,5263.0300,1367169200,32195182592.00
SH000959,2008-01-30,5322.0700,5368.1500,5149.1400,5224.3300,1771406200,42603257856.00
SH000959,2008-01-31,5202.0600,5231.0700,5108.3800,5114.6800,1674801600,38773948416.00
SH000959,2008-02-01,5104.5300,5138.6100,4933.5600,5053.0300,1776225000,38452961280.00
SH000959,2008-02-04,5176.6700,5437.9300,5176.6700,5436.7700,2304313000,53286490112.00
SH000959,2008-02-05,5431.4500,5475.4900,5382.2600,5407.4000,1807111600,44213342208.00
SH000959,2008-02-13,5353.7000,5375.1400,5289.6200,5317.5300,1154226100,26576846848.00
SH000959,2008-02-14,5355.3200,5419.2300,5354.8700,5391.3400,987889900,22837100544.00
SH000959,2008-02-15,5359.5700,5359.9400,5276.2000,5342.7200,1260078400,27394951168.00
SH000959,2008-02-18,5412.8800,5478.2800,5404.8600,5447.4300,1444146100,32854538240.00
SH000959,2008-02-19,5463.8200,5566.4400,5441.4800,5566.4400,1768025800,40248451072.00
SH000959,2008-02-20,5591.8900,5624.9500,5476.1700,5477.7700,2014773600,49539772416.00
SH000959,2008-02-21,5452.2000,5496.3400,5382.0900,5470.4900,1646055600,36884307968.00
SH000959,2008-02-22,5446.4700,5446.4700,5248.1300,5307.5600,1900264000,43465748480.00
SH000959,2008-02-25,5318.2700,5318.2700,5086.1700,5086.8300,1804623600,37268729856.00
SH000959,2008-02-26,5193.4100,5193.4100,4899.1700,5017.3000,1917416800,41606389760.00
SH000959,2008-02-27,5047.8100,5152.5000,5016.1800,5139.7900,1575181600,36807380992.00
SH000959,2008-02-28,5156.4700,5177.3100,5101.0000,5132.8800,1167827400,27422425088.00
SH000959,2008-02-29,5126.5100,5191.9300,5126.5100,5191.9300,1049411300,25241690112.00
SH000959,2008-03-03,5168.2900,5328.3600,5143.0200,5324.1800,1760325600,42333110272.00
SH000959,2008-03-04,5346.5900,5376.2300,5208.4400,5211.9300,2141144000,47886811136.00
SH000959,2008-03-05,5176.8800,5208.0000,5061.3900,5163.3600,1769406400,37880348672.00
SH000959,2008-03-06,5177.6600,5259.1100,5119.8900,5208.9700,2032284200,46158094336.00
SH000959,2008-03-07,5175.8300,5224.3700,5121.6300,5139.8800,1317197600,33674162176.00
SH000959,2008-03-10,5105.5100,5105.5100,4934.5500,4944.5500,1671141300,35234578432.00
SH000959,2008-03-11,4896.1200,4943.1300,4791.9600,4943.1300,1302618300,30047770624.00
SH000959,2008-03-12,5021.9900,5021.9900,4816.8600,4817.3200,1338866300,31791640576.00
SH000959,2008-03-13,4776.8100,4809.6800,4629.8800,4712.7200,1855650400,39721992192.00
SH000959,2008-03-14,4683.5000,4707.9400,4589.1700,4651.6600,1303152000,27927402496.00
SH000959,2008-03-17,4627.5100,4627.5100,4421.5300,4431.3200,1437656000,31184701440.00
SH000959,2008-03-18,4385.7600,4438.8900,4142.4700,4200.0400,1807260000,35299426304.00
SH000959,2008-03-19,4267.2600,4386.0800,4201.4400,4314.3100,1941032800,41101877248.00
SH000959,2008-03-20,4263.3900,4469.6900,4106.9100,4438.9800,2366743000,48628609024.00
SH000959,2008-03-21,4438.5200,4510.9800,4419.8900,4474.9500,1932691800,39780122624.00
SH000959,2008-03-24,4518.8900,4525.7400,4293.9800,4293.9800,1649711100,35092983808.00
SH000959,2008-03-25,4218.5200,4366.2500,4209.3400,4340.4800,1646944200,33996351488.00
SH000959,2008-03-26,4360.3800,4437.7700,4340.6600,4361.1900,1478445300,31398676480.00
SH000959,2008-03-27,4308.5300,4311.7900,4209.2900,4210.6100,1775105200,34439118848.00
SH000959,2008-03-28,4170.5500,4375.6800,4133.4000,4373.0900,2559859400,48526729216.00
SH000959,2008-03-31,4272.6300,4344.0400,4250.0500,4254.5500,1709659600,32941062144.00
SH000959,2008-04-01,4244.8300,4259.2100,4020.3400,4023.1600,1978562400,37551947776.00
SH000959,2008-04-02,4046.4000,4108.4900,3916.9400,3970.5000,2625524400,47699402752.00
SH000959,2008-04-03,3942.9400,4091.9000,3889.1900,4078.3000,1858978400,35141357568.00
SH000959,2008-04-07,4035.5800,4306.0100,4035.5800,4305.8100,2285288400,45893341184.00
SH000959,2008-04-08,4311.6300,4399.2900,4311.6300,4362.9000,2355734800,47201447936.00
SH000959,2008-04-09,4336.3200,4385.7400,4191.6200,4191.6200,2022295600,38176194560.00
SH000959,2008-04-10,4134.3000,4251.1600,4099.7500,4251.1600,1460367600,27179077632.00
SH000959,2008-04-11,4281.5700,4318.7100,4244.5300,4266.2200,1298562900,25273835520.00
SH000959,2008-04-14,4178.7100,4178.7100,4002.8600,4011.0500,1810049000,33812680704.00
SH000959,2008-04-15,3978.6000,4056.8800,3900.2400,4056.8800,1720498000,31080022016.00
SH000959,2008-04-16,4050.3900,4052.4000,3961.8700,3965.8200,1483398400,25932822528.00
SH000959,2008-04-17,3975.3300,4028.5000,3803.1700,3842.1700,1583417200,28503091200.00
SH000959,2008-04-18,3807.7800,3832.5100,3710.8600,3721.0800,1498292200,25974829056.00
SH000959,2008-04-21,3963.2200,3963.2200,3648.7300,3675.8000,2326293200,42230771712.00
SH000959,2008-04-22,3591.3500,3667.6700,3513.0400,3667.6700,1728359800,29262112768.00
SH000959,2008-04-23,3650.4500,3854.9700,3650.4500,3850.5200,2640587600,45351399424.00
SH000959,2008-04-24,4138.6400,4186.1500,4065.8500,4186.1500,5623222800,95923838976.00
SH000959,2008-04-25,4185.2100,4310.0300,4158.2100,4198.5700,4905419200,96461881344.00
SH000959,2008-04-28,4116.3300,4158.3300,4087.3100,4105.6100,2654079200,52604256256.00
SH000959,2008-04-29,4067.1500,4171.2200,4067.1500,4164.1800,2480163000,50757758976.00
SH000959,2008-04-30,4161.7100,4356.2800,4161.7100,4345.7700,4084567600,80452812800.00
SH000959,2008-05-05,4405.3100,4481.8100,4398.3000,4481.8100,3199151200,65544073216.00
SH000959,2008-05-06,4448.1600,4521.1300,4392.1700,4455.3800,2988321000,62776242176.00
SH000959,2008-05-07,4437.0200,4493.8700,4261.6200,4261.6200,2831968200,59674046464.00
SH000959,2008-05-08,4208.2700,4411.8100,4208.2700,4411.6500,2345281600,46080577536.00
SH000959,2008-05-09,4451.8100,4467.0400,4316.8300,4378.0800,2782554400,56063393792.00
SH000959,2008-05-12,4297.4700,4415.5800,4258.6700,4374.8200,2125855600,43732430848.00
SH000959,2008-05-13,4250.3700,4414.1500,4250.3700,4333.9200,2169534800,39703363584.00
SH000959,2008-05-14,4322.4200,4476.4100,4322.4200,4476.4100,2277938000,43875799040.00
SH000959,2008-05-15,4511.9400,4526.2400,4436.9700,4436.9700,2228378600,41843777536.00
SH000959,2008-05-16,4432.6900,4471.5600,4351.9900,4412.1100,1850745600,34227752960.00
SH000959,2008-05-19,4409.0600,4430.1100,4373.6000,4407.6800,1373137700,25824454656.00
SH000959,2008-05-20,4404.5600,4425.6500,4168.2300,4168.2300,1912244800,34541436928.00
SH000959,2008-05-21,4124.3400,4240.6900,4042.0500,4239.7000,2074963600,36745981952.00
SH000959,2008-05-22,4190.9700,4246.4500,4171.3600,4178.0800,1863410800,34552352768.00
SH000959,2008-05-23,4163.5600,4206.4400,4096.8000,4146.1700,1713409600,29811388416.00
SH000959,2008-05-26,4129.5300,4129.5300,4015.7300,4018.6800,1374464100,25592547328.00
SH000959,2008-05-27,4009.3000,4045.1600,3986.8700,4024.1300,1218286200,22760550400.00
SH000959,2008-05-28,4029.6500,4141.8100,4011.3600,4127.3600,1559777600,29016043520.00
SH000959,2008-05-29,4115.1600,4122.1500,4024.1400,4029.4700,1449797200,25964363776.00
SH000959,2008-05-30,4029.5500,4057.6900,3978.0600,4038.4600,1413156800,26781147136.00
SH000959,2008-06-02,4022.7400,4078.7700,4008.1200,4055.9500,1340925600,22701694976.00
SH000959,2008-06-03,4075.5600,4075.5600,4009.7500,4033.5600,2065966400,29824624640.00
SH000959,2008-06-04,3996.4800,3996.4800,3930.9400,3953.5700,1600417500,25299462144.00
SH000959,2008-06-05,3904.4500,3920.6400,3874.8400,3884.1400,1161028000,20349413376.00
SH000959,2008-06-06,3909.2600,3911.1400,3854.8100,3869.6300,1120576700,18071646208.00
SH000959,2008-06-10,3712.0400,3727.6900,3564.4200,3591.9800,1842402600,28505581568.00
SH000959,2008-06-11,3536.9600,3565.1200,3480.6500,3523.6200,1518865100,24169713664.00
SH000959,2008-06-12,3515.5400,3542.3200,3416.5600,3479.1700,1701386800,26388111360.00
SH000959,2008-06-13,3476.1900,3492.7800,3350.7300,3354.7600,1278855200,19164387328.00
SH000959,2008-06-16,3348.1000,3363.5400,3256.1200,3291.7800,1458823600,20537630720.00
SH000959,2008-06-17,3287.1200,3320.4400,3174.1800,3184.2500,1341869000,18471665664.00
SH000959,2008-06-18,3163.8400,3369.8200,3112.0300,3363.0500,2241274800,31333519360.00
SH000959,2008-06-19,3344.1000,3344.1000,3144.9400,3146.0000,1805631200,24811272192.00
SH000959,2008-06-20,3170.4600,3319.7600,3068.9800,3221.4200,2870489600,40989560832.00
SH000959,2008-06-23,3169.4000,3218.5800,3150.7400,3169.2400,1331401400,18386073600.00
SH000959,2008-06-24,3159.5300,3251.7900,3158.8200,3242.9900,1646140500,22779875328.00
SH000959,2008-06-25,3235.9400,3381.4300,3235.9400,3381.4300,2108224800,28991971328.00
SH000959,2008-06-26,3380.1400,3435.2500,3343.5300,3401.8400,2027496800,27441700864.00
SH000959,2008-06-27,3305.9300,3316.7500,3197.4000,3230.9900,2024542400,26827608064.00
SH000959,2008-06-30,3203.5900,3237.8800,3162.8400,3199.5700,1226867000,17053657088.00
SH000959,2008-07-01,3203.2300,3203.2300,3104.6200,3116.3000,1518786300,21200216064.00
SH000959,2008-07-02,3123.5200,3169.7600,3095.2900,3127.3900,1423163000,20808009728.00
SH000959,2008-07-03,3079.9800,3253.5300,3042.1000,3213.0500,2200669200,33874563072.00
SH000959,2008-07-04,3195.3300,3219.2900,3136.5400,3163.7200,1790661200,25702942720.00
SH000959,2008-07-07,3168.2400,3320.3300,3168.2400,3320.3300,2585016400,35050967040.00
SH000959,2008-07-08,3338.5700,3389.2200,3305.9200,3352.6000,2522351800,36412985344.00
SH000959,2008-07-09,3369.6200,3477.6800,3369.6200,3477.6800,3525770800,49416585216.00
SH000959,2008-07-10,3431.7400,3540.5700,3431.7400,3446.3100,2990012000,42783789056.00
SH000959,2008-07-11,3439.8600,3461.7300,3405.0300,3438.3400,2137876800,30368278528.00
SH000959,2008-07-14,3413.8100,3468.4200,3413.8100,3453.9300,1571058000,22583887872.00
SH000959,2008-07-15,3471.7500,3482.5000,3318.2500,3318.7600,2247383600,31087185920.00
SH000959,2008-07-16,3280.6600,3280.6600,3152.7600,3194.7300,1836366200,24570529792.00
SH000959,2008-07-17,3237.1000,3258.5100,3158.1400,3162.8000,1565278000,20357429248.00
SH000959,2008-07-18,3184.6800,3269.1400,3126.5300,3269.1400,2260605400,29006405632.00
SH000959,2008-07-21,3248.5400,3368.5200,3229.9800,3367.0100,2224425600,30210572288.00
SH000959,2008-07-22,3362.1500,3390.4600,3352.7800,3359.4400,1713239600,24396099584.00
SH000959,2008-07-23,3371.6600,3384.9900,3316.8900,3316.8900,1771482800,24877563904.00
SH000959,2008-07-24,3329.0200,3409.6500,3326.0800,3407.2700,2606135600,36184223744.00
SH000959,2008-07-25,3367.5400,3398.7000,3350.4400,3367.2700,2058172800,26691084288.00
SH000959,2008-07-28,3389.0100,3419.4000,3370.6500,3385.0600,2074529200,27617431552.00
SH000959,2008-07-29,3344.5500,3344.5500,3299.9400,3328.8300,1650411500,22420537344.00
SH000959,2008-07-30,3355.4900,3355.4900,3272.9700,3292.0200,1274812800,17322020864.00
SH000959,2008-07-31,3301.5500,3301.5500,3203.8900,3204.8600,1220667500,15793742848.00
SH000959,2008-08-01,3180.9100,3252.3800,3133.8300,3223.8400,1653878200,22678949888.00
SH000959,2008-08-04,3201.1100,3207.5800,3144.4800,3145.2100,1137907900,16160343040.00
SH000959,2008-08-05,3143.1100,3143.5900,3044.1700,3046.1700,1412648400,19122800640.00
SH000959,2008-08-06,3066.0100,3080.2200,3010.1000,3052.5000,1387726200,18683449344.00
SH000959,2008-08-07,3048.9300,3073.1400,3008.4000,3038.6900,1127880500,15010300928.00
SH000959,2008-08-08,3035.3700,3035.3700,2892.6700,2898.7400,1440383600,18250369024.00
SH000959,2008-08-11,2883.5000,2883.5000,2725.0900,2735.7000,1603830400,18805202944.00
SH000959,2008-08-12,2702.0000,2751.1300,2691.5000,2728.8100,1101730100,13414115328.00
SH000959,2008-08-13,2713.3300,2760.1900,2662.1100,2751.0900,1342744000,15755087872.00
SH000959,2008-08-14,2731.6100,2775.1100,2722.0200,2742.5800,987456300,12117731328.00
SH000959,2008-08-15,2728.1100,2764.5800,2696.4600,2732.1900,1027054600,12591593472.00
SH000959,2008-08-18,2734.7900,2734.7900,2571.7900,2573.2500,1163418300,12963688448.00
SH000959,2008-08-19,2538.1700,2604.9400,2538.1700,2604.9400,946443100,10429765632.00
SH000959,2008-08-20,2589.9500,2803.4400,2567.2500,2803.4400,2336821600,26754031616.00
SH000959,2008-08-21,2766.1500,2801.0600,2699.4700,2706.0700,1924460600,23638448128.00
SH000959,2008-08-22,2685.0900,2690.1600,2621.4600,2663.8900,1324141800,15361885184.00
SH000959,2008-08-25,2663.1400,2686.2100,2623.2400,2645.3000,953157100,11147461632.00
SH000959,2008-08-26,2614.1900,2619.3800,2542.2500,2561.9700,1233219400,13046879232.00
SH000959,2008-08-27,2554.0100,2600.2200,2519.8500,2553.8100,1304714200,14908800000.00
SH000959,2008-08-28,2556.5500,2595.0800,2547.2400,2565.4300,1186397400,14727890944.00
SH000959,2008-08-29,2575.6600,2651.0500,2572.4900,2625.7600,1601961400,18547101696.00
SH000959,2008-09-01,2603.4200,2603.4200,2524.6100,2527.1500,1139738700,13395254272.00
SH000959,2008-09-02,2508.3600,2525.9400,2489.7500,2501.5400,1013393300,12067098624.00
SH000959,2008-09-03,2492.9200,2503.6300,2425.8900,2448.2800,1325130800,15578063872.00
SH000959,2008-09-04,2440.1000,2484.8600,2426.3600,2463.4700,996968400,11508289536.00
SH000959,2008-09-05,2396.5400,2430.7400,2387.2600,2387.2600,1143065600,12133394432.00
SH000959,2008-09-08,2393.9500,2393.9500,2314.8400,2316.7500,1205797200,12657381376.00
SH000959,2008-09-09,2326.4300,2337.8600,2301.3600,2330.8200,913033000,9215254528.00
SH000959,2008-09-10,2308.7900,2366.5500,2285.5800,2330.2000,1208584700,12753864704.00
SH000959,2008-09-11,2322.0800,2328.4400,2255.8900,2256.1600,1297331000,13823546368.00
SH000959,2008-09-12,2253.4500,2297.9100,2253.0800,2267.2900,1050443500,11331451904.00
SH000959,2008-09-16,2250.6000,2250.6000,2197.2200,2213.5500,2103801200,19757086720.00
SH000959,2008-09-17,2202.5200,2225.2300,2164.6400,2168.0800,2113143600,18748084224.00
SH000959,2008-09-18,2126.7800,2147.1500,2038.3000,2126.6200,2961605200,24450625536.00
SH000959,2008-09-19,2312.1400,2322.0400,2304.2200,2322.0400,1790822800,17203554304.00
SH000959,2008-09-22,2488.3000,2521.5200,2391.7700,2462.0200,5598912400,60416032768.00
SH000959,2008-09-23,2394.6800,2426.2700,2370.7300,2370.7300,5202175200,48002650112.00
SH000959,2008-09-24,2318.0600,2375.1700,2296.0700,2375.1700,2740799600,25718585344.00
SH000959,2008-09-25,2380.8100,2501.1300,2380.8100,2470.6100,4465184800,48297897984.00
SH000959,2008-09-26,2481.1100,2516.5000,2449.8100,2504.0500,3313371200,38695215104.00
SH000959,2008-10-06,2453.6900,2453.6900,2370.0400,2370.0400,2605984800,25730039808.00
SH000959,2008-10-07,2279.4700,2369.8100,2266.3600,2337.2500,2586896600,28078958592.00
SH000959,2008-10-08,2276.7100,2302.5700,2249.7000,2259.2500,2262078800,23656280064.00
SH000959,2008-10-09,2299.3200,2299.3200,2212.1100,2212.4000,2076348800,21738113024.00
SH000959,2008-10-10,2120.6700,2127.6700,2082.9200,2098.1900,2397103200,22106730496.00
SH000959,2008-10-13,2067.6000,2159.3700,2005.7400,2159.3700,2755608000,26253393920.00
SH000959,2008-10-14,2232.2800,2232.2800,2116.6300,2117.1100,3427980800,34405371904.00
SH000959,2008-10-15,2086.4500,2090.3100,2064.6800,2078.2600,1903050000,17864390656.00
SH000959,2008-10-16,1990.4400,2006.5900,1961.6900,1962.7400,2478082800,22420342784.00
SH000959,2008-10-17,1972.8400,1984.9200,1947.6000,1978.2700,1726012800,15507909632.00
SH000959,2008-10-20,1970.2500,2043.3500,1947.6300,2043.3500,2003336800,19564197888.00
SH000959,2008-10-21,2052.2600,2075.7400,2028.1300,2028.1300,2229299600,21844844544.00
SH000959,2008-10-22,1996.9000,2028.4900,1973.3300,1974.2100,2042222000,18026506240.00
SH000959,2008-10-23,1927.0000,1980.1500,1919.1000,1979.9700,2355273400,20578494464.00
SH000959,2008-10-24,1974.5600,1987.4400,1913.3900,1924.6000,2114508200,18852343808.00
SH000959,2008-10-27,1882.6500,1882.6500,1784.7500,1786.8600,2035855200,17511077888.00
SH000959,2008-10-28,1744.7800,1847.2600,1744.7800,1840.9300,2984985800,24952602624.00
SH000959,2008-10-29,1866.3200,1868.3200,1794.0500,1794.0500,2393050400,21189644288.00
SH000959,2008-10-30,1809.1000,1868.5400,1783.5300,1845.9700,2536975200,22250547200.00
SH000959,2008-10-31,1832.5100,1842.7100,1809.6500,1812.6600,1563444300,13557298176.00
SH000959,2008-11-03,1798.6200,1835.9100,1792.8200,1807.5200,1445926700,12740884480.00
SH000959,2008-11-04,1798.7000,1798.7000,1761.8000,1774.1200,1493017900,12337352704.00
SH000959,2008-11-05,1790.4300,1866.2100,1790.4300,1841.6200,2557754800,21129121792.00
SH000959,2008-11-06,1792.5400,1800.9200,1782.9500,1790.9900,1616696000,13481676800.00
SH000959,2008-11-07,1757.0900,1820.2500,1757.0900,1814.8700,1788270800,15953670144.00
SH000959,2008-11-10,1853.1200,1949.7000,1853.1200,1949.7000,3579261600,30763952128.00
SH000959,2008-11-11,1948.3600,1982.6200,1937.5100,1937.9900,3334635600,29636724736.00
SH000959,2008-11-12,1911.2500,1955.9100,1911.2500,1955.0100,2232223400,21080678400.00
SH000959,2008-11-13,1927.7600,2061.2800,1915.5100,2041.9000,4492783600,40707928064.00
SH000959,2008-11-14,2065.6500,2138.9300,2057.2300,2138.9300,4631669200,44136169472.00
SH000959,2008-11-17,2137.1200,2205.2100,2131.7000,2205.2100,4429454800,41749532672.00
SH000959,2008-11-18,2191.6900,2212.4400,2037.2400,2044.0000,4964616800,45705637888.00
SH000959,2008-11-19,2031.5100,2183.6700,2031.5100,2180.8000,4288746400,38841597952.00
SH000959,2008-11-20,2143.8000,2225.3100,2135.6200,2174.8200,4123247200,38155182080.00
SH000959,2008-11-21,2110.8700,2205.3600,2063.8000,2161.9500,4418678400,40794980352.00
SH000959,2008-11-24,2161.4900,2163.5500,2069.4700,2069.4700,2594854000,23758784512.00
SH000959,2008-11-25,2106.8500,2108.2600,2040.2200,2070.8800,2130939200,20200142848.00
SH000959,2008-11-26,2065.5000,2097.7400,2051.4200,2076.5400,1997794800,17747333120.00
SH000959,2008-11-27,2203.7700,2203.7700,2116.5700,2116.9100,4597479200,43851997184.00
SH000959,2008-11-28,2095.7700,2112.8200,2072.8600,2083.6300,2672190000,24658337792.00
SH000959,2008-12-01,2079.7700,2136.7000,2054.8400,2136.7000,2298298600,21510412288.00
SH000959,2008-12-02,2085.7000,2165.1900,2085.7000,2145.8800,2793108200,25970268160.00
SH000959,2008-12-03,2175.2200,2236.1800,2175.2200,2236.1800,4106536000,37659369472.00
SH000959,2008-12-04,2263.0000,2343.7600,2263.0000,2266.8300,5636877200,55986884608.00
SH000959,2008-12-05,2250.2500,2296.9100,2249.0000,2296.9100,3496235200,33278437376.00
SH000959,2008-12-08,2328.0500,2387.3000,2328.0500,2387.3000,5356268400,51536965632.00
SH000959,2008-12-09,2401.2200,2416.7200,2338.5300,2342.4300,4509149600,44770275328.00
SH000959,2008-12-10,2323.4200,2394.2000,2309.5600,2394.2000,4080726400,41715957760.00
SH000959,2008-12-11,2392.7700,2414.7500,2351.4100,2352.4600,3568496000,37069787136.00
SH000959,2008-12-12,2333.9000,2335.0600,2226.5000,2261.1900,3364206000,32508352512.00
SH000959,2008-12-15,2297.5100,2311.4800,2247.2200,2277.3400,2569074800,24627978240.00
SH000959,2008-12-16,2259.4900,2306.1300,2220.1100,2306.1300,2458440000,23002613760.00
SH000959,2008-12-17,2316.8700,2356.3900,2316.0200,2323.5500,2858236800,27913492480.00
SH000959,2008-12-18,2326.3200,2362.1600,2298.6700,2362.1600,3065865600,29553782784.00
SH000959,2008-12-19,2353.9500,2396.3600,2351.4300,2373.4200,3022348200,30601465856.00
SH000959,2008-12-22,2369.3200,2374.3100,2313.8100,2336.8300,2555764800,24785010688.00
SH000959,2008-12-23,2340.7600,2340.7600,2219.1300,2220.8100,3132477600,28993189888.00
SH000959,2008-12-24,2187.5300,2207.2600,2168.5900,2178.9800,2139592400,19169902592.00
SH000959,2008-12-25,2183.1700,2196.0000,2137.0800,2158.0800,1960233000,17513109504.00
SH000959,2008-12-26,2150.0900,2160.6100,2127.9300,2141.3800,1634531200,14503206912.00
SH000959,2008-12-29,2131.6200,2144.8800,2091.1700,2141.7700,1694626400,15578225664.00
SH000959,2008-12-30,2139.9900,2152.3800,2113.4800,2118.3900,1912620600,17133758464.00
SH000959,2008-12-31,2119.1700,2122.7500,2096.9800,2100.3000,1657750400,14815557632.00
SH000959,2009-01-05,2142.8700,2185.5400,2138.3900,2185.5300,2614599600,23443324928.00
SH000959,2009-01-06,2180.3800,2288.1800,2180.3800,2282.1600,3706007200,34799505408.00
SH000959,2009-01-07,2285.3800,2310.1300,2272.5300,2282.5000,2954040400,27784054784.00
SH000959,2009-01-08,2225.6600,2254.3400,2218.2700,2241.4100,2827315400,25365088256.00
SH000959,2009-01-09,2242.2100,2298.6800,2242.2100,2292.9700,2300865000,21762820096.00
SH000959,2009-01-12,2286.2400,2336.5200,2286.2400,2300.0700,2448249200,23653793792.00
SH000959,2009-01-13,2257.8800,2278.1200,2229.8600,2229.8600,2402315600,21403777024.00
SH000959,2009-01-14,2228.7800,2339.1400,2228.7800,2339.1400,2948131600,30677336064.00
SH000959,2009-01-15,2316.5900,2369.5800,2316.1300,2343.3400,3863570000,37139013632.00
SH000959,2009-01-16,2355.6900,2426.4000,2355.6900,2388.5000,5216190000,51697889280.00
SH000959,2009-01-19,2412.1400,2445.3100,2373.0200,2396.3800,4429188800,41911971840.00
SH000959,2009-01-20,2388.3900,2415.8100,2360.8800,2415.8100,2648024800,26080534528.00
SH000959,2009-01-21,2376.3200,2441.0700,2376.3200,2409.0600,3416482800,36897370112.00
SH000959,2009-01-22,2424.2700,2466.2800,2420.8100,2466.2700,2786964800,29279111168.00
SH000959,2009-01-23,2459.6400,2473.1100,2447.2300,2450.2500,2622335200,26505490432.00
SH000959,2009-02-02,2481.3900,2492.3500,2448.2500,2492.3500,2152456800,22961928192.00
SH000959,2009-02-03,2487.4400,2561.1000,2487.4400,2561.1000,3964852800,39208898560.00
SH000959,2009-02-04,2574.1000,2618.6500,2574.1000,2618.6400,4818529600,46572265472.00
SH000959,2009-02-05,2616.8100,2669.6000,2588.0100,2596.9800,5482870400,55615500288.00
SH000959,2009-02-06,2609.1200,2714.4700,2609.1200,2712.5200,4978480000,50778992640.00
SH000959,2009-02-09,2753.2300,2829.8400,2753.2300,2819.5600,5689128800,60715188224.00
SH000959,2009-02-10,2808.0900,2865.7400,2779.1900,2865.7300,5171149600,54054264832.00
SH000959,2009-02-11,2816.3900,2910.5600,2808.5600,2854.8300,6904712000,76632760320.00
SH000959,2009-02-12,2870.1900,2870.1900,2752.0500,2837.8000,5368651200,59330183168.00
SH000959,2009-02-13,2844.9700,2938.0600,2840.6900,2936.7200,6356308400,69758910464.00
SH000959,2009-02-16,2966.5600,3032.2900,2946.0900,3032.2800,7238108800,79625207808.00
SH000959,2009-02-17,3035.1000,3057.1500,2947.7200,2947.9000,6540958400,72963997696.00
SH000959,2009-02-18,2875.8300,2930.2800,2815.9700,2817.0700,5344920800,59611217920.00
SH000959,2009-02-19,2845.9300,2878.5100,2808.8200,2858.7800,4140726400,46345658368.00
SH000959,2009-02-20,2870.3400,2951.5300,2854.2000,2951.5200,3813385600,42986704896.00
SH000959,2009-02-23,2955.5400,3052.7700,2918.1200,3040.1300,4985654800,56239570944.00
SH000959,2009-02-24,2999.1000,3056.0000,2951.4300,2952.3500,5631475600,65574666240.00
SH000959,2009-02-25,2976.5900,2983.8700,2839.0100,2918.9100,5322873200,60960329728.00
SH000959,2009-02-26,2916.1200,2942.9400,2699.7500,2734.7800,4863111200,55802728448.00
SH000959,2009-02-27,2689.2500,2693.4900,2584.7900,2618.9000,4076738400,42943991808.00
SH000959,2009-03-02,2587.5300,2677.3300,2587.5300,2666.5500,3084149600,34374709248.00
SH000959,2009-03-03,2584.2100,2659.6800,2580.7900,2631.7400,3038462800,33841467392.00
SH000959,2009-03-04,2640.7400,2828.9500,2640.7400,2824.4200,5760234000,60584894464.00
SH000959,2009-03-05,2871.8300,2898.4300,2800.1200,2848.8900,7166527200,76614516736.00
SH000959,2009-03-06,2798.4000,2863.7500,2798.4000,2832.2100,4303860000,49023225856.00
SH000959,2009-03-09,2854.4600,2883.7700,2718.0500,2725.3400,4725611200,50892759040.00
SH000959,2009-03-10,2678.4100,2775.2200,2671.6900,2775.2200,2882008400,32332972032.00
SH000959,2009-03-11,2835.5800,2835.5800,2755.2100,2758.8800,3620080000,43035475968.00
SH000959,2009-03-12,2739.1700,2752.3300,2670.7700,2752.3300,2873829200,32009103360.00
SH000959,2009-03-13,2768.7500,2794.7400,2731.9500,2734.2700,2813510000,32465489920.00
SH000959,2009-03-16,2721.2200,2787.1500,2707.1100,2786.1700,2624725600,29385940992.00
SH000959,2009-03-17,2797.5700,2907.3600,2795.0300,2899.8100,4812851600,54909161472.00
SH000959,2009-03-18,2917.0500,2995.0200,2917.0500,2939.5400,4809130400,56124956672.00
SH000959,2009-03-19,2949.3300,3024.8800,2949.3300,3024.8800,4470879600,54442602496.00
SH000959,2009-03-20,3048.8300,3098.9000,3018.3400,3074.9100,4881094400,57654030336.00
SH000959,2009-03-23,3088.8000,3193.7200,3083.3800,3162.0000,5142689200,66634457088.00
SH000959,2009-03-24,3209.5900,3210.4600,3160.9500,3175.5300,5442480000,67068329984.00
SH000959,2009-03-25,3138.3300,3211.1500,3102.9800,3102.9800,4352322000,55526473728.00
SH000959,2009-03-26,3104.3000,3202.9100,3052.3600,3202.9000,5511051200,64007036928.00
SH000959,2009-03-27,3231.3000,3251.0400,3183.4100,3207.8700,6213398000,68330786816.00
SH000959,2009-03-30,3190.5300,3195.2800,3154.2700,3169.1500,4429571600,54255063040.00
SH000959,2009-03-31,3098.0400,3199.5600,3088.1700,3199.5500,4510604800,58433568768.00
SH000959,2009-04-01,3218.1800,3302.0500,3218.1800,3271.7400,5718300000,71811031040.00
SH000959,2009-04-02,3285.2600,3333.9900,3275.4500,3311.4500,6349378000,76599566336.00
SH000959,2009-04-03,3331.9300,3344.7400,3250.7600,3266.4500,6370364000,72939855872.00
SH000959,2009-04-07,3260.5300,3295.3500,3246.3200,3289.6300,4409812800,52648853504.00
SH000959,2009-04-08,3273.6000,3274.6800,3169.9300,3169.9300,4898263200,59261177856.00
SH000959,2009-04-09,3166.3900,3213.8800,3131.4700,3213.8700,3569053200,44962283520.00
SH000959,2009-04-10,3243.6100,3347.5600,3234.3900,3347.5500,4809660000,63847735296.00
SH000959,2009-04-13,3386.1100,3461.7500,3386.1100,3452.7800,6506022800,84422680576.00
SH000959,2009-04-14,3446.1700,3479.0000,3428.2500,3469.7000,4753284800,65452027904.00
SH000959,2009-04-15,3442.2000,3520.1300,3431.7300,3504.8900,5393904800,67724668928.00
SH000959,2009-04-16,3514.0000,3531.4800,3469.1700,3510.5400,5464671200,63879163904.00
SH000959,2009-04-17,3486.6100,3488.1400,3390.3600,3424.7700,4373737600,56601636864.00
SH000959,2009-04-20,3415.6600,3502.7000,3415.6600,3502.7000,4282161200,53803692032.00
SH000959,2009-04-21,3444.1500,3474.5900,3397.2100,3442.6500,4724004000,59208278016.00
SH000959,2009-04-22,3449.8500,3464.8600,3296.2300,3296.2300,5698505200,66883280896.00
SH000959,2009-04-23,3242.6500,3334.6100,3242.6500,3326.5700,3696978400,42057588736.00
SH000959,2009-04-24,3344.3300,3347.7400,3294.1000,3294.7500,3182018800,41948008448.00
SH000959,2009-04-27,3285.4700,3297.4800,3198.3900,3209.4000,3448263600,40873398272.00
SH000959,2009-04-28,3170.7700,3228.0900,3170.7700,3208.6100,2930750800,36959346688.00
SH000959,2009-04-29,3206.5900,3315.7700,3206.5900,3306.3700,4127962800,51987058688.00
SH000959,2009-04-30,3327.7500,3363.2100,3320.3700,3343.2300,4260602000,54844231680.00
SH000959,2009-05-04,3363.8500,3501.8900,3363.8500,3500.9700,4865201600,60600504320.00
SH000959,2009-05-05,3523.7100,3539.8300,3499.3300,3505.5000,4237476800,53550116864.00
SH000959,2009-05-06,3497.9200,3573.2000,3497.9200,3561.9600,4666740000,59329822720.00
SH000959,2009-05-07,3596.5500,3618.1800,3528.3500,3575.1600,5533054400,68384784384.00
SH000959,2009-05-08,3550.8600,3589.6400,3519.5100,3571.7300,5235900400,65604808704.00
SH000959,2009-05-11,3586.5100,3594.7800,3451.1000,3451.1000,6390676400,80332431360.00
SH000959,2009-05-12,3415.2500,3543.7300,3415.2500,3543.7200,4203174400,50204647424.00
SH000959,2009-05-13,3552.5800,3609.4100,3546.7000,3603.7300,5134870000,68447858688.00
SH000959,2009-05-14,3557.8900,3601.0800,3542.7100,3588.5600,3866556000,50748137472.00
SH000959,2009-05-15,3609.5700,3609.5700,3564.1500,3598.7700,2980116800,40171159552.00
SH000959,2009-05-18,3578.6200,3660.0200,3522.4300,3655.3600,3714276400,49974628352.00
SH000959,2009-05-19,3684.0800,3730.6700,3684.0800,3723.5300,4503270800,61820493824.00
SH000959,2009-05-20,3730.9500,3763.6600,3713.7300,3713.7300,3794918800,54104035328.00
SH000959,2009-05-21,3702.4300,3724.1400,3637.1800,3647.6400,3869073600,55196581888.00
SH000959,2009-05-22,3613.5200,3648.2000,3582.8700,3608.3000,2709147200,39208083456.00
SH000959,2009-05-25,3526.1200,3657.5000,3521.3100,3646.4700,3404176400,48419627008.00
SH000959,2009-05-26,3644.8100,3652.3100,3567.0700,3567.6300,2941974800,44853981184.00
SH000959,2009-05-27,3595.9000,3630.4100,3573.1100,3623.4300,3409132000,44674965504.00
SH000959,2009-06-01,3691.9800,3788.3700,3691.9800,3780.2800,5543604000,77356441600.00
SH000959,2009-06-02,3811.4600,3827.6100,3778.0400,3793.0000,4995431200,69256609792.00
SH000959,2009-06-03,3793.6100,3878.1500,3793.6100,3878.1400,5511104400,73946021888.00
SH000959,2009-06-04,3847.6000,3900.4900,3817.5800,3899.0800,6260537200,87349248000.00
SH000959,2009-06-05,3928.8600,3951.1400,3897.6800,3898.7700,4712024400,67665203200.00
SH000959,2009-06-08,3890.3800,3913.6400,3845.1600,3866.3100,4984400800,66690699264.00
SH000959,2009-06-09,3865.0700,3878.1000,3770.4100,3854.4600,4726214000,62572556288.00
SH000959,2009-06-10,3890.3300,3915.0500,3871.2900,3915.0400,4869198400,65290022912.00
SH000959,2009-06-11,3897.3700,3916.4500,3865.2400,3869.3800,4089284800,55091535872.00
SH000959,2009-06-12,3869.6200,3887.8500,3772.8400,3798.1000,3853739600,50785120256.00
SH000959,2009-06-15,3767.0200,3822.8700,3755.8700,3822.8600,4249288000,59507351552.00
SH000959,2009-06-16,3781.7000,3849.6000,3781.7000,3835.9100,3757200000,56909520896.00
SH000959,2009-06-17,3836.9700,3913.0400,3822.8000,3901.4900,3843778800,59355668480.00
SH000959,2009-06-18,3949.3800,3966.3400,3943.7000,3959.7100,5020366800,74731659264.00
SH000959,2009-06-19,3965.5400,3965.5400,3923.8100,3949.1200,4798849600,66108571648.00
SH000959,2009-06-22,3973.5000,3984.0800,3934.3600,3945.2500,5093871600,71393640448.00
SH000959,2009-06-23,3877.5300,3955.4400,3866.4500,3922.1300,5843361200,75629199360.00
SH000959,2009-06-24,3926.0700,4044.1100,3926.0700,4044.1000,5018556400,72710995968.00
SH000959,2009-06-25,4064.1100,4071.7500,4037.9300,4043.4700,3869509200,60720640000.00
SH000959,2009-06-26,4061.0600,4070.0500,4039.0100,4058.9600,3259759200,50132381696.00
SH000959,2009-06-29,4059.8500,4130.6900,4053.1500,4130.6800,3906996000,59888082944.00
SH000959,2009-06-30,4143.8500,4174.2500,4117.8800,4150.2200,4031218000,68561408000.00
SH000959,2009-07-01,4131.5000,4221.9200,4131.5000,4220.1300,5042728000,77307928576.00
SH000959,2009-07-02,4231.3400,4292.8600,4231.3400,4292.8200,5761637200,87263346688.00
SH000959,2009-07-03,4255.9800,4338.8300,4255.9800,4338.7800,5096874400,79318548480.00
SH000959,2009-07-06,4345.7500,4393.1900,4344.9800,4393.1400,6588729200,99335610368.00
SH000959,2009-07-07,4379.6700,4415.2300,4343.2600,4366.6000,6296968000,90296868864.00
SH000959,2009-07-08,4325.7700,4403.8300,4293.7600,4403.1600,6015709600,87999946752.00
SH000959,2009-07-09,4403.1600,4476.5800,4402.3900,4476.5400,5036381200,77417472000.00
SH000959,2009-07-10,4480.8700,4549.4000,4480.8700,4514.5400,4749746000,73580249088.00
SH000959,2009-07-13,4493.9600,4525.1500,4475.5200,4483.4600,4747850800,72176345088.00
SH000959,2009-07-14,4528.5700,4606.1600,4528.5700,4606.1100,5219633600,80752173056.00
SH000959,2009-07-15,4624.0400,4683.6300,4624.0400,4675.9300,5881758400,89407897600.00
SH000959,2009-07-16,4705.1500,4718.4500,4648.5600,4666.7600,6284439600,94638211072.00
SH000959,2009-07-17,4659.6400,4714.5700,4656.7800,4702.5300,4884345200,73825927168.00
SH000959,2009-07-20,4720.1700,4818.7000,4707.6600,4815.6500,6363948400,99056377856.00
SH000959,2009-07-21,4830.1000,4830.1000,4737.0500,4737.2900,6300864400,99533316096.00
SH000959,2009-07-22,4724.4900,4837.4800,4724.4900,4832.5200,5597939600,90856718336.00
SH000959,2009-07-23,4836.9300,4867.8000,4812.0800,4867.7500,6008296800,90406002688.00
SH000959,2009-07-24,4889.1800,4934.2100,4805.5200,4890.0200,6316786000,96357883904.00
SH000959,2009-07-27,4914.8000,4993.8600,4876.5000,4993.8100,6682934800,109043990528.00
SH000959,2009-07-28,5001.9000,5004.7100,4926.5800,4985.2500,6561278400,110169784320.00
SH000959,2009-07-29,4963.1500,4963.1500,4660.7700,4706.5900,8203638400,124950691840.00
SH000959,2009-07-30,4735.5900,4795.2600,4627.2500,4781.9500,7263262400,106964377600.00
SH000959,2009-07-31,4821.7800,4926.8000,4804.5800,4925.5300,6207174400,94335778816.00
SH000959,2009-08-03,4960.9300,5045.6900,4938.6500,5040.7400,5928258000,98509545472.00
SH000959,2009-08-04,5061.3600,5091.6300,4984.9300,5091.5900,6297810000,102867107840.00
SH000959,2009-08-05,5087.4500,5100.6900,4969.4400,5036.2800,6098443600,98187902976.00
SH000959,2009-08-06,4990.3700,5008.7700,4885.5700,4918.3200,5808912800,98103836672.00
SH000959,2009-08-07,4907.7200,4939.6600,4766.4200,4767.9700,4580908000,76655869952.00
SH000959,2009-08-10,4801.4200,4816.8000,4677.7700,4750.5200,4103316400,67381846016.00
SH000959,2009-08-11,4767.5400,4780.3700,4707.7300,4770.5000,3047163200,50923266048.00
SH000959,2009-08-12,4757.6300,4757.6300,4556.3000,4558.4800,4540469600,72403804160.00
SH000959,2009-08-13,4553.3700,4613.3900,4499.1200,4607.3500,4468044800,68664643584.00
SH000959,2009-08-14,4611.2200,4619.4400,4472.4800,4480.4500,4350693200,68258570240.00
SH000959,2009-08-17,4398.4100,4428.3700,4212.1800,4212.1800,4671596400,68440477696.00
SH000959,2009-08-18,4170.1800,4269.7000,4149.5500,4263.7600,3686568400,54542131200.00
SH000959,2009-08-19,4259.1400,4259.2000,4016.5800,4048.3900,3956829200,56196374528.00
SH000959,2009-08-20,4053.6000,4234.4600,4053.6000,4233.8000,3993046800,60722249728.00
SH000959,2009-08-21,4218.0200,4332.2600,4207.4700,4325.2300,4213500800,61010419712.00
SH000959,2009-08-24,4349.4500,4402.7200,4314.0600,4382.3100,3727995200,55864512512.00
SH000959,2009-08-25,4356.4500,4356.4500,4136.1700,4244.9300,4712327200,68334686208.00
SH000959,2009-08-26,4209.6100,4375.7400,4209.6100,4330.1700,3763803200,57543761920.00
SH000959,2009-08-27,4304.0300,4380.2800,4264.6400,4309.4000,3738986400,53705736192.00
SH000959,2009-08-28,4307.1500,4316.9600,4161.6800,4168.6200,4296323600,62396854272.00
SH000959,2009-08-31,4113.9800,4113.9800,3864.4400,3867.3900,4290038000,60151623680.00
SH000959,2009-09-01,3826.5000,3935.6000,3815.1600,3862.7500,3772281200,51732033536.00
SH000959,2009-09-02,3839.8500,3940.1500,3839.8500,3920.8500,3257522600,45411463168.00
SH000959,2009-09-03,3934.5200,4156.8200,3934.5200,4149.2000,4897436000,69486903296.00
SH000959,2009-09-04,4157.4100,4207.9500,4149.9900,4182.6300,4237907600,63898406912.00
SH000959,2009-09-07,4211.7800,4291.6200,4211.7800,4231.9500,4030190000,62158032896.00
SH000959,2009-09-08,4203.8300,4342.2100,4162.7300,4342.1700,4212613200,66188709888.00
SH000959,2009-09-09,4364.6900,4396.3800,4328.6300,4390.5400,4318957600,71401070592.00
SH000959,2009-09-10,4366.7000,4393.6100,4339.0600,4344.8700,3061367200,47472345088.00
SH000959,2009-09-11,4326.9000,4444.2300,4326.9000,4420.7300,4153101600,61276381184.00
SH000959,2009-09-14,4435.0400,4503.2700,4430.4500,4501.9800,3944711200,61912223744.00
SH000959,2009-09-15,4508.6300,4552.1800,4480.5800,4513.9300,3582442400,56695951360.00
SH000959,2009-09-16,4501.8400,4510.3500,4412.2100,4480.7500,4026091600,65683243008.00
SH000959,2009-09-17,4533.3700,4569.8800,4521.0800,4560.2000,4097522400,65147674624.00
SH000959,2009-09-18,4563.7400,4565.1400,4364.7300,4394.2500,4619665600,68026220544.00
SH000959,2009-09-21,4346.2200,4423.2200,4267.2900,4423.1800,3346171200,52522823680.00
SH000959,2009-09-22,4404.2800,4483.9300,4354.8500,4354.8500,3477001600,56550162432.00
SH000959,2009-09-23,4355.8100,4369.6500,4237.8100,4252.4200,3111119800,48492380160.00
SH000959,2009-09-24,4224.5200,4290.1000,4125.4600,4251.5800,3509768000,52343685120.00
SH000959,2009-09-25,4216.9400,4266.6000,4185.9300,4221.3400,2541805200,37945491456.00
SH000959,2009-09-28,4228.1500,4260.9300,4101.9100,4109.6200,2112840400,30988660736.00
SH000959,2009-09-29,4110.2500,4139.0300,4044.8900,4098.8100,2412607400,33431142400.00
SH000959,2009-09-30,4128.2000,4189.6900,4128.2000,4154.7700,2364338600,33220558848.00
SH000959,2009-10-09,4264.3300,4383.6500,4264.3300,4383.6200,2905736400,43183046656.00
SH000959,2009-10-12,4410.1000,4415.8000,4364.4900,4364.6900,3026694800,47350710272.00
SH000959,2009-10-13,4356.8600,4417.4800,4356.8600,4417.4500,2340048000,37399920640.00
SH000959,2009-10-14,4435.0600,4503.0400,4427.3500,4440.7800,3970236400,62137028608.00
SH000959,2009-10-15,4478.9800,4509.3600,4435.4100,4442.2400,2903488000,46672551936.00
SH000959,2009-10-16,4455.8200,4487.0300,4400.9200,4463.2000,2731039600,44017111040.00
SH000959,2009-10-19,4461.8000,4573.4100,4455.1200,4573.3700,3880408000,63264210944.00
SH000959,2009-10-20,4601.1200,4644.3400,4592.9500,4644.3000,4530863200,72114470912.00
SH000959,2009-10-21,4644.1300,4672.8400,4610.9000,4611.1200,4146418000,64907980800.00
SH000959,2009-10-22,4608.3600,4627.3700,4584.3900,4587.0600,2787475600,46247837696.00
SH000959,2009-10-23,4596.7200,4700.7000,4596.7200,4675.0000,4069198000,63412547584.00
SH000959,2009-10-26,4689.2300,4698.1500,4634.7600,4678.8000,3054147800,49265332224.00
SH000959,2009-10-27,4634.9100,4644.0600,4551.5100,4551.5100,3507749600,55209500672.00
SH000959,2009-10-28,4536.8300,4590.4400,4508.4100,4578.3200,2852040800,44826505216.00
SH000959,2009-10-29,4500.1200,4542.5300,4475.7000,4480.2300,2795838800,43822866432.00
SH000959,2009-10-30,4559.4800,4584.2800,4521.0100,4522.3900,2755293400,42623754240.00
SH000959,2009-11-02,4437.1100,4668.5400,4417.2400,4668.5000,3957062400,58712301568.00
SH000959,2009-11-03,4680.4700,4731.3900,4680.4700,4719.8300,3521998800,57361002496.00
SH000959,2009-11-04,4734.6800,4777.1300,4701.7100,4754.4900,3692992800,58063732736.00
SH000959,2009-11-05,4762.4200,4762.5100,4715.9600,4754.3700,3415934400,48889634816.00
SH000959,2009-11-06,4787.0800,4815.1900,4776.0000,4787.4300,3985228800,59969179648.00
SH000959,2009-11-09,4792.7100,4803.7700,4754.4300,4803.7300,3502264400,56450224128.00
SH000959,2009-11-10,4843.8400,4862.5600,4825.4700,4826.2600,3905276000,61263011840.00
SH000959,2009-11-11,4824.2100,4844.0200,4792.6100,4824.7500,3451293600,55100866560.00
SH000959,2009-11-12,4836.8800,4863.9700,4812.8900,4826.9100,3476515600,53733670912.00
SH000959,2009-11-13,4812.7600,4837.8000,4752.1200,4837.4600,3853024000,58652360704.00
SH000959,2009-11-16,4869.0900,5004.4600,4869.0900,5004.4200,5430080400,83057221632.00
SH000959,2009-11-17,5032.2600,5032.2600,4980.8300,4997.9700,4353384000,65118117888.00
SH000959,2009-11-18,5005.0300,5028.2200,4973.8100,4998.7100,3743240000,56536670208.00
SH000959,2009-11-19,5010.6700,5018.8300,4974.5500,5017.0900,3941468000,59901517824.00
SH000959,2009-11-20,4999.5800,5018.9200,4958.5500,4990.6500,4050059200,63898845184.00
SH000959,2009-11-23,4995.0000,5051.2200,4995.0000,5051.1800,3903000800,66115747840.00
SH000959,2009-11-24,5071.6300,5112.8200,4899.1500,4899.1500,6523319200,102191079424.00
SH000959,2009-11-25,4888.0600,5033.9300,4888.0600,5033.8800,5622695200,86307864576.00
SH000959,2009-11-26,5049.3600,5068.8700,4833.6800,4846.3900,6101156800,95755337728.00
SH000959,2009-11-27,4782.3600,4854.7100,4703.8600,4724.0100,4296961600,68854046720.00
SH000959,2009-11-30,4774.7000,4932.9200,4774.7000,4932.8800,3989647200,63586930688.00
SH000959,2009-12-01,4925.4200,5013.5700,4918.0600,5013.5300,4768423200,75179524096.00
SH000959,2009-12-02,5042.9700,5061.4100,5020.3700,5057.3200,4578395200,73034260480.00
SH000959,2009-12-03,5060.7400,5062.0900,4993.9900,5058.6800,3926400800,65109319680.00
SH000959,2009-12-04,5041.2000,5099.1400,4961.1300,5090.3700,7099301600,110013595648.00
SH000959,2009-12-07,5092.8100,5112.7000,5075.8100,5112.6600,4736297600,76348170240.00
SH000959,2009-12-08,5114.4000,5114.4000,5015.3400,5048.7200,3988946400,63733432320.00
SH000959,2009-12-09,4990.0700,5015.1800,4956.1400,4965.6600,3066462000,49104789504.00
SH000959,2009-12-10,4995.0700,5021.5900,4960.6200,4994.8200,2709122000,43056037888.00
SH000959,2009-12-11,5011.3000,5042.6800,4990.1300,5002.8700,2284674400,36024586240.00
SH000959,2009-12-14,5001.3200,5041.6700,4902.0600,5036.5300,4040056800,60508069888.00
SH000959,2009-12-15,5019.7600,5056.3300,5019.1200,5021.1000,3637982400,55561793536.00
SH000959,2009-12-16,5009.9600,5059.5700,4985.7700,4992.5300,2857301600,44127502336.00
SH000959,2009-12-17,5007.7000,5007.7000,4869.7200,4870.5600,3203350000,47407554560.00
SH000959,2009-12-18,4829.2000,4829.2000,4726.8800,4728.8000,3523040800,50522861568.00
SH000959,2009-12-21,4720.6500,4742.2400,4685.1400,4739.8200,2621964400,41431883776.00
SH000959,2009-12-22,4745.9000,4750.6000,4613.7100,4616.7700,2914873000,44377128960.00
SH000959,2009-12-23,4610.6600,4669.2400,4610.6600,4669.2000,2597050600,40266727424.00
SH000959,2009-12-24,4687.7400,4846.1400,4687.7400,4845.5100,3267551400,53583507456.00
SH000959,2009-12-25,4842.4700,4849.4300,4814.6000,4834.8000,2183671600,35876818944.00
SH000959,2009-12-28,4842.8700,4909.7900,4842.8700,4902.7600,2643922400,42279084032.00
SH000959,2009-12-29,4905.8800,4920.9100,4857.3900,4920.8700,2700817200,42145964032.00
SH000959,2009-12-30,4919.8600,4960.3500,4900.6600,4960.3000,5146378800,76958687232.00
SH000959,2009-12-31,4959.9500,4984.4600,4924.1500,4984.4200,3686638400,55998046208.00
SH000959,2010-01-04,5005.3900,5005.3900,4905.1500,4905.1500,3392044800,50003664896.00
SH000959,2010-01-05,4919.2800,4957.0000,4850.1700,4940.7100,4484840000,71578427392.00
SH000959,2010-01-06,4927.7300,4959.6100,4901.3700,4901.3700,3801240400,63925125120.00
SH000959,2010-01-07,4897.5500,4917.8100,4776.9200,4791.2800,3940341600,63250931712.00
SH000959,2010-01-08,4775.3100,4814.3300,4747.2400,4812.7600,2882910800,46870847488.00
SH000959,2010-01-11,4916.3400,4916.3400,4787.7500,4806.1500,5007588800,79627517952.00
SH000959,2010-01-12,4795.3400,4867.2900,4728.9900,4867.1700,4384630800,68637405184.00
SH000959,2010-01-13,4745.7200,4782.4800,4679.8400,4688.0200,5904254800,88839815168.00
SH000959,2010-01-14,4710.1800,4736.0200,4681.0200,4734.8700,3692322400,57706967040.00
SH000959,2010-01-15,4736.7400,4756.0000,4718.2000,4743.4200,3297751600,51938996224.00
SH000959,2010-01-18,4721.9800,4746.0100,4696.3000,4745.4500,3688014400,58202861568.00
SH000959,2010-01-19,4749.7100,4789.7200,4748.3400,4757.2000,3413452800,53991997440.00
SH000959,2010-01-20,4766.3900,4766.3900,4598.5000,4603.4100,4205258000,64382791680.00
SH000959,2010-01-21,4595.5000,4652.9400,4571.3200,4629.7200,3525860800,54768590848.00
SH000959,2010-01-22,4570.8900,4636.9700,4502.2300,4607.5500,4952896000,69521465344.00
SH000959,2010-01-25,4563.3300,4615.7900,4543.6900,4543.6900,2511398000,36698300416.00
SH000959,2010-01-26,4544.8400,4544.8400,4438.2300,4459.2500,3173483600,45638180864.00
SH000959,2010-01-27,4462.1600,4462.1600,4388.5500,4391.9900,2864547200,41745866752.00
SH000959,2010-01-28,4388.2900,4406.5200,4345.1600,4383.0400,2432123200,35754438656.00
SH000959,2010-01-29,4361.7600,4439.0700,4351.3900,4375.0600,2399029600,36372017152.00
SH000959,2010-02-01,4365.4400,4365.4400,4269.4400,4310.1800,2785361600,42112249856.00
SH000959,2010-02-02,4333.1200,4392.9400,4305.2600,4305.2600,2423383600,36909854720.00
SH000959,2010-02-03,4325.9100,4425.3100,4269.3700,4425.3100,3155799200,48199827456.00
SH000959,2010-02-04,4391.3100,4424.6500,4376.0300,4396.8100,2493201200,36812029952.00
SH000959,2010-02-05,4305.5000,4334.9300,4286.9000,4309.4300,2359150800,35171717120.00
SH000959,2010-02-08,4308.8500,4331.2700,4274.9700,4296.4200,1522013100,23471368192.00
SH000959,2010-02-09,4295.7200,4334.8700,4289.7900,4320.0700,1402374300,20961562624.00
SH000959,2010-02-10,4351.9500,4378.1200,4340.7700,4377.8100,1485081700,24441618432.00
SH000959,2010-02-11,4380.0300,4416.0400,4368.1700,4399.6500,1624265100,24241997824.00
SH000959,2010-02-12,4418.3200,4443.0800,4411.3900,4442.3300,1581024500,23980195840.00
SH000959,2010-02-22,4434.1800,4455.4400,4409.0200,4410.9500,1562251200,23694804992.00
SH000959,2010-02-23,4401.9900,4401.9900,4300.0000,4351.0500,1920378600,34505052160.00
SH000959,2010-02-24,4321.9000,4409.4700,4307.2600,4408.0900,2012250000,30122272768.00
SH000959,2010-02-25,4417.2800,4478.0100,4412.2800,4469.3200,3097014800,46878789632.00
SH000959,2010-02-26,4462.1000,4481.6800,4445.3700,4453.6200,2177401800,32956342272.00
SH000959,2010-03-01,4460.6000,4521.4500,4459.6800,4514.4900,2448808400,35612622848.00
SH000959,2010-03-02,4517.1400,4540.4400,4484.9400,4500.0700,2284340400,34264098816.00
SH000959,2010-03-03,4501.2000,4521.4100,4466.2900,4520.6600,2162598400,32692393984.00
SH000959,2010-03-04,4522.9000,4533.1500,4411.5300,4419.1600,2663286400,40381775872.00
SH000959,2010-03-05,4422.6800,4450.4600,4408.5000,4428.8200,1736425600,26462795776.00
SH000959,2010-03-08,4438.9300,4477.9200,4426.5400,4465.7700,1712185400,26057365504.00
SH000959,2010-03-09,4465.2200,4524.6300,4427.3900,4498.7000,2550984400,38144634880.00
SH000959,2010-03-10,4496.4700,4531.9900,4464.5900,4477.6000,2017972200,31155005440.00
SH000959,2010-03-11,4485.6700,4517.0500,4454.7100,4487.3100,2101284400,33091266560.00
SH000959,2010-03-12,4487.8000,4498.6900,4429.0700,4430.4500,1669422000,25741846528.00
SH000959,2010-03-15,4428.2500,4431.6400,4342.1600,4357.0800,1678202800,25461868544.00
SH000959,2010-03-16,4358.3600,4386.9700,4340.9200,4386.3100,1357531000,21402687488.00
SH000959,2010-03-17,4398.4800,4472.8600,4385.2300,4472.3600,2109208200,33575184384.00
SH000959,2010-03-18,4474.5500,4498.1400,4444.6100,4458.6100,2004788000,31094396928.00
SH000959,2010-03-19,4462.3300,4483.6100,4432.0200,4480.8800,1770889200,27744022528.00
SH000959,2010-03-22,4486.6300,4515.8300,4474.0400,4489.4000,2024444600,30570010624.00
SH000959,2010-03-23,4493.6000,4496.3000,4447.3200,4450.6600,1835156600,28331270144.00
SH000959,2010-03-24,4459.2900,4482.8100,4437.1600,4445.0900,1909052200,27484082176.00
SH000959,2010-03-25,4436.1200,4436.1800,4373.4000,4388.8500,1928240800,27849779200.00
SH000959,2010-03-26,4384.0300,4464.0900,4369.8600,4446.6000,2293341600,31857954816.00
SH000959,2010-03-29,4473.5300,4582.6300,4467.9800,4574.2200,4912748800,64883380224.00
SH000959,2010-03-30,4575.6200,4587.8100,4557.1600,4580.6600,2624947600,38356762624.00
SH000959,2010-03-31,4583.1100,4584.2300,4531.7000,4544.8300,2408676600,36017729536.00
SH000959,2010-04-01,4548.3300,4600.6400,4548.3300,4598.5100,3202992200,46793048064.00
SH000959,2010-04-02,4610.2600,4619.8300,4591.3500,4607.6600,3036972600,49458176000.00
SH000959,2010-04-06,4628.0200,4645.9500,4582.6900,4601.7400,2960687200,47507406848.00
SH000959,2010-04-07,4598.7000,4599.0400,4540.2200,4566.0000,2440171200,38126477312.00
SH000959,2010-04-08,4556.1800,4556.1800,4476.0600,4493.4500,2742670400,43419467776.00
SH000959,2010-04-09,4498.0200,4530.5700,4487.2000,4529.7200,2045053400,33738227712.00
SH000959,2010-04-12,4538.7400,4545.4500,4439.7200,4465.6300,3507003200,52864020480.00
SH000959,2010-04-13,4465.0000,4550.2000,4461.5000,4541.2300,3554460800,56512110592.00
SH000959,2010-04-14,4546.4300,4554.5800,4520.2700,4541.0600,2630359800,42462248960.00
SH000959,2010-04-15,4547.1600,4551.1800,4495.6600,4536.0700,2688686800,43568775168.00
SH000959,2010-04-16,4527.3400,4527.3400,4471.5200,4473.4900,2178190400,33465556992.00
SH000959,2010-04-19,4414.1100,4414.1100,4223.3600,4230.4200,4725411200,65221189632.00
SH000959,2010-04-20,4233.4800,4254.5100,4151.0700,4194.0800,3143989200,44598923264.00
SH000959,2010-04-21,4199.2600,4263.6000,4167.8300,4261.2100,3093485000,45237571584.00
SH000959,2010-04-22,4239.5400,4239.5400,4164.2500,4188.1200,3536945200,49915944960.00
SH000959,2010-04-23,4186.7500,4216.1300,4145.3100,4170.4900,3003106800,47754272768.00
SH000959,2010-04-26,4179.6400,4192.0200,4138.5100,4143.2600,2404552800,37252657152.00
SH000959,2010-04-27,4133.3100,4133.3100,4015.6500,4072.4600,3167588000,43322884096.00
SH000959,2010-04-28,4039.5100,4087.2200,4016.6800,4065.6200,1990282400,28654114816.00
SH000959,2010-04-29,4088.4500,4110.1400,4047.6500,4048.7200,2239425000,32039376896.00
SH000959,2010-04-30,4058.2400,4104.8800,4029.9500,4103.3000,2673064000,37140824064.00
SH000959,2010-05-04,4023.3500,4071.3000,4006.7200,4023.4200,2069153600,27860367360.00
SH000959,2010-05-05,3977.5100,4028.7500,3914.6700,4027.5300,2911666400,42305916928.00
SH000959,2010-05-06,3989.9200,3989.9200,3827.1900,3830.0500,2867069600,42221916160.00
SH000959,2010-05-07,3749.7500,3828.7600,3723.9200,3767.1400,2977376200,41201803264.00
SH000959,2010-05-10,3774.8500,3839.3000,3744.3700,3824.9600,2297734800,32390549504.00
SH000959,2010-05-11,3903.1600,3908.7600,3743.1900,3759.7900,2744630400,38857809920.00
SH000959,2010-05-12,3736.2200,3814.2400,3708.8200,3811.6600,2765641600,36728549376.00
SH000959,2010-05-13,3807.3300,3894.6300,3804.4900,3890.1900,2870873400,37749268480.00
SH000959,2010-05-14,3862.3800,3877.7700,3834.2100,3851.6400,1884114800,26306234368.00
SH000959,2010-05-17,3802.4000,3802.4000,3659.3400,3664.9500,2517814200,32674738176.00
SH000959,2010-05-18,3666.6400,3765.2900,3645.3000,3750.6600,2898658400,34976043008.00
SH000959,2010-05-19,3720.0400,3784.8400,3683.0200,3728.2100,2236449200,27969359872.00
SH000959,2010-05-20,3699.8600,3773.1300,3682.6500,3691.0200,2075778800,28681680896.00
SH000959,2010-05-21,3606.3600,3744.2000,3596.7900,3743.1400,2796510800,34024677376.00
SH000959,2010-05-24,3761.2200,3880.7100,3761.2200,3860.0100,3939188800,49617944576.00
SH000959,2010-05-25,3827.6000,3830.5300,3738.5200,3755.7200,2702166000,33552361472.00
SH000959,2010-05-26,3761.6500,3787.5100,3737.5300,3754.2300,1795358400,22092144640.00
SH000959,2010-05-27,3745.3200,3811.7600,3695.6500,3802.6200,2423690200,29647802368.00
SH000959,2010-05-28,3834.0400,3843.4700,3769.1500,3789.3500,2312243200,28353824768.00
SH000959,2010-05-31,3766.3800,3794.1600,3694.3100,3698.1300,2183664200,26244380672.00
SH000959,2010-06-01,3678.3200,3713.0900,3631.7100,3662.1400,2227511000,25837418496.00
SH000959,2010-06-02,3640.5100,3670.2700,3607.8100,3669.5200,2041350000,23341105152.00
SH000959,2010-06-03,3683.6000,3710.8400,3647.7400,3648.7500,1886578000,22239256576.00
SH000959,2010-06-04,3632.0300,3654.3900,3613.9800,3648.8500,1609455200,20159893504.00
SH000959,2010-06-07,3586.1800,3607.2000,3552.4200,3570.6700,1864518400,23001110528.00
SH000959,2010-06-08,3569.8000,3593.9900,3530.4200,3558.3600,1647913900,20236830720.00
SH000959,2010-06-09,3574.2000,3685.7400,3532.9500,3673.5600,3200338800,38388105216.00
SH000959,2010-06-10,3632.1300,3649.8800,3610.6500,3615.3200,2046625600,24704718848.00
SH000959,2010-06-11,3634.5300,3664.4100,3627.5200,3635.4600,1807868400,22900336640.00
SH000959,2010-06-17,3661.5000,3668.7200,3630.0400,3631.5100,1471554300,17731407872.00
SH000959,2010-06-18,3631.1400,3664.1500,3593.1600,3602.8900,2022783200,25003800576.00
SH000959,2010-06-21,3610.3500,3726.3800,3596.1300,3718.7100,3097859800,37105446912.00
SH000959,2010-06-22,3705.9100,3737.2000,3698.2400,3720.7900,1898193200,23920828416.00
SH000959,2010-06-23,3700.8300,3722.2800,3654.3300,3684.5600,1664880800,21066414080.00
SH000959,2010-06-24,3675.6300,3723.8100,3660.3000,3687.1900,1392812800,17335525376.00
SH000959,2010-06-25,3669.8600,3699.7600,3651.5300,3678.7500,1565268800,18260373504.00
SH000959,2010-06-28,3676.3800,3707.5200,3659.8800,3668.2100,1451568900,17185984512.00
SH000959,2010-06-29,3670.5100,3678.2700,3521.9900,3522.9900,2564815600,27295526912.00
SH000959,2010-06-30,3497.7600,3514.1000,3477.4200,3497.3900,1896931200,19238023168.00
SH000959,2010-07-01,3488.7300,3513.2300,3453.7800,3456.5700,1598103900,16743324672.00
SH000959,2010-07-02,3455.5200,3496.7800,3402.0400,3486.1500,2376972000,23266168832.00
SH000959,2010-07-05,3451.8600,3484.6500,3413.7600,3462.3900,1679745400,16923213824.00
SH000959,2010-07-06,3450.2700,3522.4700,3445.9800,3518.4400,2125247200,21186473984.00
SH000959,2010-07-07,3515.1200,3533.6600,3496.8900,3533.3200,1701941200,19658067968.00
SH000959,2010-07-08,3549.0600,3562.8200,3514.4200,3526.1900,1610029300,18414565376.00
SH000959,2010-07-09,3531.4000,3647.9500,3504.8800,3621.7200,2942564400,34458902528.00
SH000959,2010-07-12,3619.9700,3684.2800,3604.5200,3664.4900,3066704000,37311098880.00
SH000959,2010-07-13,3626.1500,3626.1500,3585.5900,3606.5300,2043510600,23682435072.00
SH000959,2010-07-14,3613.7900,3672.4600,3613.3500,3630.7500,2372779800,27153254400.00
SH000959,2010-07-15,3628.1900,3670.0200,3574.8600,3576.0500,2112957800,22751258624.00
SH000959,2010-07-16,3561.7900,3588.8600,3529.8200,3578.8600,1687754000,18817921024.00
SH000959,2010-07-19,3547.3700,3674.9900,3538.4400,3660.8700,2647973800,32223045632.00
SH000959,2010-07-20,3666.6600,3737.7600,3666.6600,3725.1600,3592062000,42812235776.00
SH000959,2010-07-21,3729.3200,3757.6500,3714.1300,3734.9900,3098132800,35961278464.00
SH000959,2010-07-22,3721.5800,3779.2300,3716.1000,3774.9500,2817492800,31933331456.00
SH000959,2010-07-23,3782.9300,3817.0700,3768.3600,3793.8100,3284052400,37280612352.00
SH000959,2010-07-26,3798.7000,3812.4400,3760.5100,3803.0100,2353941000,28723372032.00
SH000959,2010-07-27,3792.8600,3800.7800,3767.0900,3779.1200,2221463400,27769077760.00
SH000959,2010-07-28,3783.3200,3877.6700,3767.3800,3874.0000,4032137200,45430161408.00
SH000959,2010-07-29,3874.8700,3911.4100,3862.6600,3891.4300,3959532000,44915822592.00
SH000959,2010-07-30,3880.2700,3885.3800,3848.6300,3876.1800,2402640800,29544923136.00
SH000959,2010-08-02,3872.5100,3941.8700,3869.8600,3936.0800,2889786800,34942779392.00
SH000959,2010-08-03,3944.3500,3948.1900,3866.1200,3866.6200,3446109600,41714450432.00
SH000959,2010-08-04,3856.9500,3879.6600,3801.1100,3870.0400,3046817200,37067272192.00
SH000959,2010-08-05,3867.3800,3867.3800,3797.5800,3817.5800,3144554400,37336014848.00
SH000959,2010-08-06,3813.7500,3868.5400,3772.6700,3866.2100,3155998800,39459344384.00
SH000959,2010-08-09,3857.6500,3888.8500,3844.6700,3876.8300,3000580000,39440822272.00
SH000959,2010-08-10,3879.8200,3889.9200,3774.6000,3776.2300,3320468400,39808733184.00
SH000959,2010-08-11,3762.5300,3810.8800,3762.5300,3792.1500,2482340400,28852531200.00
SH000959,2010-08-12,3758.7800,3801.8000,3736.9100,3745.1700,2526934400,31006099456.00
SH000959,2010-08-13,3745.0200,3788.2200,3717.6800,3786.8500,2527492000,30773727232.00
SH000959,2010-08-16,3778.3800,3871.9600,3766.7000,3866.2300,3467211200,44295380992.00
SH000959,2010-08-17,3870.0400,3895.2500,3857.2400,3887.1900,3206370400,41845538816.00
SH000959,2010-08-18,3892.5800,3918.8400,3868.3600,3877.8400,3040604200,38531244032.00
SH000959,2010-08-19,3884.3400,3933.1300,3868.1800,3910.8000,3463757600,45126262784.00
SH000959,2010-08-20,3895.4100,3914.7600,3842.3200,3849.5700,3037448800,39325253632.00
SH000959,2010-08-23,3845.1400,3876.5400,3829.5400,3838.6700,2118691600,28041670656.00
SH000959,2010-08-24,3833.2100,3885.4900,3796.0500,3851.5600,2513822800,31078688768.00
SH000959,2010-08-25,3828.4800,3838.4900,3756.1400,3757.9900,2725312400,32200988672.00
SH000959,2010-08-26,3770.9800,3790.8700,3745.4300,3759.9100,1887827200,24388616192.00
SH000959,2010-08-27,3757.5300,3773.7600,3740.6500,3769.9400,1774622400,22847221760.00
SH000959,2010-08-30,3788.7700,3838.5900,3784.2700,3826.7800,2871282600,37206441984.00
SH000959,2010-08-31,3813.0300,3817.7200,3784.8400,3801.0900,2937152400,37327695872.00
SH000959,2010-09-01,3808.7500,3854.3300,3764.6000,3792.0300,3491531200,43079192576.00
SH000959,2010-09-02,3837.4400,3844.8200,3815.7700,3829.9100,3164854400,44228108288.00
SH000959,2010-09-03,3836.5600,3838.5600,3786.2100,3816.9700,3314594200,43821355008.00
SH000959,2010-09-06,3838.2200,3915.6900,3838.2200,3909.5400,4441487600,55455989760.00
SH000959,2010-09-07,3915.3600,3934.1900,3887.0600,3911.7600,3059573600,39582191616.00
SH000959,2010-09-08,3892.0800,3892.0800,3856.5900,3880.1600,3347302200,44322136064.00
SH000959,2010-09-09,3885.4400,3885.4400,3792.0100,3798.6000,3519419200,46301777920.00
SH000959,2010-09-10,3803.1100,3815.0500,3752.8800,3794.3700,2650192800,35602403328.00
SH000959,2010-09-13,3794.0600,3841.5700,3778.0600,3816.4800,2980028000,39693443072.00
SH000959,2010-09-14,3826.0100,3847.6700,3806.7800,3820.8800,2974378400,39773470720.00
SH000959,2010-09-15,3820.1100,3820.1100,3749.9800,3757.3200,3027924000,38087872512.00
SH000959,2010-09-16,3751.6500,3760.6500,3652.5900,3679.5600,3058595200,36698234880.00
SH000959,2010-09-17,3689.9100,3701.3400,3667.6500,3679.1200,2047017200,25787650048.00
SH000959,2010-09-20,3683.9500,3700.5600,3647.9300,3676.7900,1927998400,24881537024.00
SH000959,2010-09-21,3690.4700,3705.1400,3678.1600,3693.7700,1493265400,19573370880.00
SH000959,2010-09-27,3703.7000,3729.1400,3689.5500,3726.7200,2365631600,30302418944.00
SH000959,2010-09-28,3716.6500,3716.6500,3674.0300,3678.5400,2667632000,36349038592.00
SH000959,2010-09-29,3671.7400,3717.6700,3670.3700,3679.4500,2499572000,33122783232.00
SH000959,2010-10-08,3790.9200,3900.2400,3783.8100,3887.0700,4808996000,66999750656.00
SH000959,2010-10-11,3912.2200,4036.6900,3912.2200,4021.1400,7720104800,105556205568.00
SH000959,2010-10-12,4005.4000,4066.2800,3989.1100,4063.2000,6079026800,86206038016.00
SH000959,2010-10-13,4069.8200,4146.0500,4061.8800,4141.7100,6939999200,99878813696.00
SH000959,2010-10-14,4178.4000,4251.8800,4163.8900,4173.4200,9180636800,120028905472.00
SH000959,2010-10-15,4151.4700,4333.4800,4143.9000,4333.4800,9639880000,127679864832.00
SH000959,2010-10-18,4363.9300,4448.5800,4328.7900,4333.1900,10552451200,138292002816.00
SH000959,2010-10-19,4325.4900,4406.1900,4289.3200,4405.9700,6128800000,83665870848.00
SH000959,2010-10-20,4323.2400,4470.3500,4318.9800,4409.9000,8529609600,129001717760.00
SH000959,2010-10-21,4413.2600,4431.4000,4313.0200,4348.8200,5813249600,88535891968.00
SH000959,2010-10-22,4337.5600,4380.8700,4304.8600,4340.6800,5094236000,80133251072.00
SH000959,2010-10-25,4351.1400,4450.8000,4313.6100,4449.9100,6558254000,103261495296.00
SH000959,2010-10-26,4458.9300,4478.2100,4389.0400,4420.0300,6694080000,98039873536.00
SH000959,2010-10-27,4402.7000,4468.1300,4344.3900,4350.6200,5564003200,84562722816.00
SH000959,2010-10-28,4336.5500,4378.9300,4310.2000,4344.8600,4348457600,65126944768.00
SH000959,2010-10-29,4346.5600,4348.8300,4268.9000,4292.6000,4514214800,67187679232.00
SH000959,2010-11-01,4303.2600,4379.3100,4303.2600,4379.3100,5494576400,83058294784.00
SH000959,2010-11-02,4392.0800,4424.0600,4331.4500,4361.6800,6826345600,106326663168.00
SH000959,2010-11-03,4362.2400,4402.0700,4313.9600,4345.8700,6032198400,85879693312.00
SH000959,2010-11-04,4352.5300,4400.5400,4346.2000,4399.5700,5032833600,73044508672.00
SH000959,2010-11-05,4462.1500,4482.5000,4411.0100,4443.1000,5973536000,88836743168.00
SH000959,2010-11-08,4460.6100,4486.8700,4435.8500,4484.3500,5302886400,79995404288.00
SH000959,2010-11-09,4484.4300,4484.4300,4397.6500,4424.8500,5386128800,82432196608.00
SH000959,2010-11-10,4399.1900,4399.1900,4329.7200,4357.2500,5514919200,86378070016.00
SH000959,2010-11-11,4354.4300,4445.2300,4346.0100,4397.1500,6506398800,102146916352.00
SH000959,2010-11-12,4369.5300,4380.8700,4138.4400,4146.0800,7603704800,112147701760.00
SH000959,2010-11-15,4156.0500,4176.2100,4078.9500,4157.0900,5347272000,73714180096.00
SH000959,2010-11-16,4150.9200,4150.9200,3978.5100,3987.9200,5000243600,75485708288.00
SH000959,2010-11-17,3943.7100,4003.8700,3925.0900,3942.8000,4022605600,60459712512.00
SH000959,2010-11-18,3978.0200,4003.1200,3940.2500,3989.5600,3198016400,48216035328.00
SH000959,2010-11-19,4011.6600,4014.4400,3890.4600,4005.3000,3861716000,56685420544.00
SH000959,2010-11-22,3965.6600,4014.8200,3952.3100,3976.7400,3485721600,50974670848.00
SH000959,2010-11-23,3961.7200,3961.7200,3858.2100,3906.8500,3446996800,50377883648.00
SH000959,2010-11-24,3880.4000,3976.3600,3880.4000,3968.3500,3789443200,54499164160.00
SH000959,2010-11-25,3991.5500,4033.9800,3952.8500,4027.5700,4121611600,58316763136.00
SH000959,2010-11-26,4017.2300,4028.9100,3966.1400,3989.1500,3054261200,48664584192.00
SH000959,2010-11-29,3979.5400,3998.5000,3947.5600,3980.3700,2732692000,44153634816.00
SH000959,2010-11-30,3977.5400,4002.7700,3848.6100,3924.4400,4111031600,60385644544.00
SH000959,2010-12-01,3914.7100,3945.0400,3898.7000,3931.4100,2293380400,35388059648.00
SH000959,2010-12-02,3990.8000,4001.0600,3960.7400,3962.0600,2890209200,44362833920.00
SH000959,2010-12-03,3973.3500,3984.1100,3945.2500,3970.1100,2360554000,35693449216.00
SH000959,2010-12-06,3981.7300,4018.7000,3970.1700,4000.8000,3040254200,44541538304.00
SH000959,2010-12-07,3987.2300,4049.8300,3941.6700,4032.1200,3042499600,46229733376.00
SH000959,2010-12-08,4027.7100,4044.7800,3984.7200,3991.0200,2945147600,46395260928.00
SH000959,2010-12-09,3973.5100,4005.7000,3936.1000,3938.4100,3274791600,42216603648.00
SH000959,2010-12-10,3923.7100,3993.3300,3914.7000,3978.5100,2590329200,37254479872.00
SH000959,2010-12-13,3994.0300,4107.2000,3988.3000,4106.8700,4794435600,66372755456.00
SH000959,2010-12-14,4119.8400,4135.5000,4095.2700,4111.4400,3996560000,55828082688.00
SH000959,2010-12-15,4111.4000,4124.6500,4075.7900,4081.9900,3346489800,50765762560.00
SH000959,2010-12-16,4078.6400,4093.3200,4050.4700,4057.7000,2604000800,39923212288.00
SH000959,2010-12-17,4057.1800,4058.0200,4031.4200,4047.1700,2120130800,31912296448.00
SH000959,2010-12-20,4062.2000,4073.1800,3925.3900,3985.5900,3386249600,50985279488.00
SH000959,2010-12-21,3992.9800,4095.6900,3980.8700,4090.4100,4339640400,61046800384.00
SH000959,2010-12-22,4094.3000,4108.7900,4026.0500,4045.1300,3527233200,49123344384.00
SH000959,2010-12-23,4042.0100,4089.6600,4015.3100,4028.7200,2909287600,42448134144.00
SH000959,2010-12-24,4006.7000,4043.5400,3984.6100,4018.1300,2846376400,38896336896.00
SH000959,2010-12-27,4038.3300,4083.7900,3934.4200,3941.6100,3838502400,56154816512.00
SH000959,2010-12-28,3924.0100,3942.1400,3875.0200,3875.4900,2729028000,39139303424.00
SH000959,2010-12-29,3881.4200,3893.3300,3849.8600,3882.8400,2174199200,30640359424.00
SH000959,2010-12-30,3883.3700,3898.3700,3833.0500,3873.6200,2694105600,34684567552.00
SH000959,2010-12-31,3879.0100,3937.0200,3875.3000,3933.9000,2840184600,41208893440.00
SH000959,2011-01-04,3965.9600,4016.0000,3940.2600,4011.5000,4700421600,64924037120.00
SH000959,2011-01-05,3988.2300,4018.6900,3977.1500,3994.5800,4478334000,62407188480.00
SH000959,2011-01-06,3996.9300,4018.5600,3961.5500,3972.3100,3136464400,47808618496.00
SH000959,2011-01-07,3970.6300,4072.7500,3951.2700,4019.0800,5350846800,67637911552.00
SH000959,2011-01-10,4010.7900,4045.4500,3955.8900,3960.9400,3838144400,47629737984.00
SH000959,2011-01-11,3947.9000,4016.4100,3945.7900,4010.3000,3367288000,41434628096.00
SH000959,2011-01-12,4021.2100,4054.7800,3985.8000,4043.0700,3609118800,41632792576.00
SH000959,2011-01-13,4055.3800,4059.9700,4022.3500,4039.6100,3003463600,37666971648.00
SH000959,2011-01-14,4025.2400,4025.2400,3980.8900,3995.1700,2943610200,37051027456.00
SH000959,2011-01-17,3965.8100,3978.6700,3846.5100,3857.8200,3764752800,45068877824.00
SH000959,2011-01-18,3850.6200,3878.0600,3832.9500,3862.5600,2367004200,28581885952.00
SH000959,2011-01-19,3864.8000,3929.1800,3848.2400,3927.6700,2947890000,35525599232.00
SH000959,2011-01-20,3920.6000,3920.6000,3816.8600,3817.9700,3135428200,37668917248.00
SH000959,2011-01-21,3813.1100,3952.5900,3813.1100,3890.9800,4082448400,44607197184.00
SH000959,2011-01-24,3895.1000,3928.8700,3867.0200,3882.9800,3529453200,39179313152.00
SH000959,2011-01-25,3878.8100,3911.1500,3855.6300,3877.7800,2664072400,29676001280.00
SH000959,2011-01-26,3880.1500,3922.8300,3879.2600,3918.2900,2127572400,24608088064.00
SH000959,2011-01-27,3881.6500,3968.1100,3858.4200,3958.0700,4241100400,47741992960.00
SH000959,2011-01-28,3951.0100,3968.5600,3928.5500,3956.5500,3409073600,41150144512.00
SH000959,2011-01-31,3952.9500,3997.5500,3944.4300,3996.8400,3386502400,40607911936.00
SH000959,2011-02-01,4002.2600,4003.6300,3977.0500,3991.6800,2421528400,31003183104.00
SH000959,2011-02-09,3966.7400,4007.7400,3944.2000,3949.8700,2888880400,36713594880.00
SH000959,2011-02-10,3942.1800,4018.5000,3932.3500,4015.6900,3215915600,42862526464.00
SH000959,2011-02-11,4008.3100,4046.3200,3998.4000,4030.9400,3978136000,52342382592.00
SH000959,2011-02-14,4030.2100,4167.7000,4030.2100,4158.5200,6784824000,84410933248.00
SH000959,2011-02-15,4163.2900,4197.5600,4144.1500,4146.8500,5711536000,74864156672.00
SH000959,2011-02-16,4138.2600,4166.6700,4116.8200,4166.2000,4629942400,61624639488.00
SH000959,2011-02-17,4172.7100,4189.6400,4129.9300,4154.1900,4372179600,61484056576.00
SH000959,2011-02-18,4149.2000,4149.2000,4104.7500,4114.3900,3739612000,53138976768.00
SH000959,2011-02-21,4092.7000,4156.6200,4089.1000,4155.2400,4092078400,54683164672.00
SH000959,2011-02-22,4164.1400,4165.9900,4032.9800,4033.7800,5595750800,74647904256.00
SH000959,2011-02-23,4021.2300,4044.7500,4007.1700,4035.0800,3768780400,50753077248.00
SH000959,2011-02-24,4028.2800,4053.8000,4009.2100,4048.4900,3273988400,45579964416.00
SH000959,2011-02-25,4048.3900,4078.9000,4014.4100,4057.6300,3020647200,42146074624.00
SH000959,2011-02-28,4060.5200,4101.9900,4034.7300,4100.3200,3737871200,55367151616.00
SH000959,2011-03-01,4101.2900,4149.5600,4095.2300,4123.8300,4811011200,66562035712.00
SH000959,2011-03-02,4099.0800,4138.7100,4080.2800,4119.7500,4736504000,65579192320.00
SH000959,2011-03-03,4127.2300,4191.2600,4119.8500,4132.1000,6457590000,80177119232.00
SH000959,2011-03-04,4135.9700,4197.4500,4130.6000,4192.1400,4497404400,59623227392.00
SH000959,2011-03-07,4213.5800,4271.6400,4213.5800,4266.5500,6395676000,91340775424.00
SH000959,2011-03-08,4269.9300,4288.5200,4240.3000,4269.1600,4324749600,62854070272.00
SH000959,2011-03-09,4280.1200,4295.5900,4251.4500,4267.6900,3999902000,55721218048.00
SH000959,2011-03-10,4257.8800,4257.8800,4183.7700,4186.8500,4174263600,60168077312.00
SH000959,2011-03-11,4167.3800,4194.3500,4132.2600,4143.0000,3267288400,48971309056.00
SH000959,2011-03-14,4142.6600,4169.5400,4132.1000,4162.9800,2858862400,41910697984.00
SH000959,2011-03-15,4147.3700,4147.3700,4032.0300,4094.8900,4585122400,65009496064.00
SH000959,2011-03-16,4099.2400,4149.9200,4097.0200,4144.3500,3320522000,50974814208.00
SH000959,2011-03-17,4108.6000,4138.3500,4074.7700,4087.2800,3813030000,55244169216.00
SH000959,2011-03-18,4125.0000,4137.0100,4097.0900,4102.6300,3102766000,45232902144.00
SH000959,2011-03-21,4110.4900,4136.1900,4084.8400,4099.7800,3006899600,43260153856.00
SH000959,2011-03-22,4114.8900,4141.1600,4071.4400,4132.3800,3031099200,42174812160.00
SH000959,2011-03-23,4129.8100,4183.3700,4123.4100,4179.1400,3904924000,52454031360.00
SH000959,2011-03-24,4182.8900,4186.9700,4159.3200,4162.1900,2956279600,41854033920.00
SH000959,2011-03-25,4169.6700,4232.5800,4167.2700,4219.3700,4638576000,62818734080.00
SH000959,2011-03-28,4237.6600,4275.6600,4222.2900,4226.1900,5133714000,68586442752.00
SH000959,2011-03-29,4231.0200,4276.0200,4214.5300,4216.2100,5563305200,68680261632.00
SH000959,2011-03-30,4215.7600,4244.8400,4183.8500,4217.0700,4050611600,52065423360.00
SH000959,2011-03-31,4217.7300,4229.8000,4162.8200,4177.3900,3090765200,41823469568.00
SH000959,2011-04-01,4177.8400,4251.1700,4175.2900,4251.0200,3376876000,44435357696.00
SH000959,2011-04-06,4252.0400,4342.4900,4252.0400,4330.4900,6743697600,86508077056.00
SH000959,2011-04-07,4333.7300,4357.4100,4320.9200,4342.9700,4718715600,62275772416.00
SH000959,2011-04-08,4337.5700,4369.8800,4326.6200,4367.6800,3695757200,52476743680.00
SH000959,2011-04-11,4377.0000,4416.7600,4348.6200,4350.3300,5663623600,74569277440.00
SH000959,2011-04-12,4339.3800,4377.0900,4325.2400,4348.3800,4946675600,58330394624.00
SH000959,2011-04-13,4328.2500,4411.3100,4316.4400,4411.3100,4598987200,55765696512.00
SH000959,2011-04-14,4415.7300,4430.9500,4382.2900,4390.0100,4998730800,57276456960.00
SH000959,2011-04-15,4377.0600,4431.5800,4361.7500,4415.0000,4298802800,52574806016.00
SH000959,2011-04-18,4397.2000,4441.7200,4388.9700,4418.0100,4593239200,53570289664.00
SH000959,2011-04-19,4388.2700,4398.6600,4335.2600,4336.1200,3920868400,47920656384.00
SH000959,2011-04-20,4345.6200,4360.1100,4307.5400,4322.5300,3736122400,48886513664.00
SH000959,2011-04-21,4346.6000,4381.6300,4331.3900,4351.9800,3702260000,47378792448.00
SH000959,2011-04-22,4350.7500,4360.7400,4310.8000,4321.6800,3202895200,41025753088.00
SH000959,2011-04-25,4309.0100,4309.0100,4258.3000,4266.5800,3547540000,49062600704.00
SH000959,2011-04-26,4260.6900,4282.4000,4233.7800,4251.9500,3018337600,39926677504.00
SH000959,2011-04-27,4267.6400,4290.0400,4217.6600,4241.7500,3231012200,37819846656.00
SH000959,2011-04-28,4265.3300,4303.1600,4215.0000,4218.1200,3645912000,43972980736.00
SH000959,2011-04-29,4217.9200,4237.6300,4177.6300,4234.3600,3214165600,36280012800.00
SH000959,2011-05-03,4233.9600,4259.0200,4203.9700,4253.3600,2809314400,33015660544.00
SH000959,2011-05-04,4229.6400,4231.6100,4140.9600,4148.8500,3376536800,43111960576.00
SH000959,2011-05-05,4127.7100,4160.0200,4114.5800,4147.6500,2810641000,33284325376.00
SH000959,2011-05-06,4105.7100,4154.7200,4097.9100,4126.1500,2646337200,34247077888.00
SH000959,2011-05-09,4132.2300,4162.6600,4114.6600,4129.0400,2203662400,28857944064.00
SH000959,2011-05-10,4136.4700,4163.1800,4118.4700,4162.3600,1846723600,25543352320.00
SH000959,2011-05-11,4161.3300,4171.9100,4129.2400,4145.7900,2170210000,28495585280.00
SH000959,2011-05-12,4121.4600,4146.5000,4099.8000,4101.3200,2213341800,29243510784.00
SH000959,2011-05-13,4105.4400,4134.4100,4074.2800,4133.0200,2605069800,31253966848.00
SH000959,2011-05-16,4120.0400,4143.7500,4084.8100,4086.8400,2210891200,27115139072.00
SH000959,2011-05-17,4083.0200,4136.1500,4067.2400,4110.7100,2412655200,31983917056.00
SH000959,2011-05-18,4106.4800,4157.4200,4101.7300,4146.7600,2031072400,26755852288.00
SH000959,2011-05-19,4156.5000,4165.6100,4117.1800,4121.0400,2075591200,28056819712.00
SH000959,2011-05-20,4119.3400,4144.6600,4113.0800,4127.6000,1817499800,25160544256.00
SH000959,2011-05-23,4120.0900,4120.0900,4001.0500,4004.4200,2879514600,36051533824.00
SH000959,2011-05-24,3997.9700,4012.3300,3987.3200,4003.7800,1993898000,28171913216.00
SH000959,2011-05-25,3999.1700,4007.8100,3947.4200,3949.5500,2006362800,24948656128.00
SH000959,2011-05-26,3974.1900,3985.0900,3941.4200,3944.1400,1777691200,24888670208.00
SH000959,2011-05-27,3947.8200,3985.2800,3941.8400,3950.8300,2172463200,28070025216.00
SH000959,2011-05-30,3945.6600,3987.6100,3933.5300,3962.6900,1883643800,23894384640.00
SH000959,2011-05-31,3968.4600,4015.9900,3957.3700,4015.9200,2104156800,28110501888.00
SH000959,2011-06-01,4007.2600,4007.4100,3988.2500,4000.4300,1963821600,25536522240.00
SH000959,2011-06-02,3962.1100,3978.5600,3890.2500,3922.0600,2993470800,35610419200.00
SH000959,2011-06-03,3915.2200,3955.6800,3913.9200,3947.1500,1942186800,25573416960.00
SH000959,2011-06-07,3935.3900,3969.0900,3930.6300,3966.7000,1722729200,24971276288.00
SH000959,2011-06-08,3965.1200,3969.3700,3912.7500,3966.4500,2135260000,26570829824.00
SH000959,2011-06-09,3947.2300,3947.5600,3888.4400,3888.5700,1953267600,25592080384.00
SH000959,2011-06-10,3886.1900,3905.5400,3863.4100,3901.1200,1901073600,25328584704.00
SH000959,2011-06-13,3873.8500,3895.1800,3850.0700,3886.5000,1736017200,22170732544.00
SH000959,2011-06-14,3882.2000,3952.3800,3875.8700,3941.2700,2825807200,33067847680.00
SH000959,2011-06-15,3927.4300,3948.5400,3906.4500,3906.7400,2275208600,28409620480.00
SH000959,2011-06-16,3879.3100,3889.2400,3852.5100,3854.8600,1896249600,22040918016.00
SH000959,2011-06-17,3856.1100,3881.7500,3839.0600,3840.7600,2145640000,28578666496.00
SH000959,2011-06-20,3838.2900,3843.9600,3804.7100,3817.3500,2155468400,26190921728.00
SH000959,2011-06-21,3830.4200,3865.1300,3828.9600,3861.0100,2246457200,28589256704.00
SH000959,2011-06-22,3869.3700,3877.9400,3841.9600,3861.8500,2015304600,24237570048.00
SH000959,2011-06-23,3850.9100,3933.8500,3840.8000,3922.4800,2502156400,31455930368.00
SH000959,2011-06-24,3904.5300,4032.6800,3901.7200,4009.2900,4562946400,59191783424.00
SH000959,2011-06-27,4007.8700,4033.3800,3984.1300,4005.9300,3188580000,39559663616.00
SH000959,2011-06-28,4009.3800,4012.5500,3964.0400,4003.2100,2673609600,36308733952.00
SH000959,2011-06-29,3997.6100,4000.2400,3941.9000,3943.9100,2841740000,32714389504.00
SH000959,2011-06-30,3947.8500,4022.3100,3947.8500,3999.8200,3225424000,39312596992.00
SH000959,2011-07-01,4010.6800,4028.8900,3980.8200,3997.5200,2922665200,38232346624.00
SH000959,2011-07-04,4019.3700,4091.6600,4019.3700,4085.6100,3955753200,54042025984.00
SH000959,2011-07-05,4085.6400,4098.1200,4059.0200,4078.9000,3360563200,40938446848.00
SH000959,2011-07-06,4073.0400,4073.0400,4018.5900,4059.1100,3043600000,38134874112.00
SH000959,2011-07-07,4079.7500,4097.2200,4034.6400,4036.5500,3798500800,49288912896.00
SH000959,2011-07-08,4042.2500,4074.1200,4030.0200,4050.5600,2659435200,33544355840.00
SH000959,2011-07-11,4035.8600,4055.0300,4015.4700,4045.5900,2336642000,31820023808.00
SH000959,2011-07-12,4016.3200,4016.3200,3968.2600,3972.8400,2806212800,36521951232.00
SH000959,2011-07-13,3979.7000,4036.9800,3979.7000,4029.4000,2834886600,35684769792.00
SH000959,2011-07-14,4035.1100,4046.6600,4006.1800,4033.4600,3102406400,41796333568.00
SH000959,2011-07-15,4016.2700,4046.1500,4001.6000,4043.6400,3029509800,38547357696.00
SH000959,2011-07-18,4045.1800,4046.7900,4012.2500,4024.3900,2881347800,35836039168.00
SH000959,2011-07-19,4005.6900,4010.8000,3984.8600,3992.7000,2674058800,34954387456.00
SH000959,2011-07-20,4015.3000,4020.6400,3968.9500,3987.5800,2171608800,27866253312.00
SH000959,2011-07-21,3989.9000,3998.1700,3945.6100,3948.0600,2250748800,28962398208.00
SH000959,2011-07-22,3957.0500,3973.9100,3945.4900,3955.5400,1800574800,24423874560.00
SH000959,2011-07-25,3931.8900,3931.8900,3825.0200,3835.6200,3395696000,39032270848.00
SH000959,2011-07-26,3835.8300,3856.2300,3827.0400,3844.0000,2248046800,25890125824.00
SH000959,2011-07-27,3824.2300,3853.9800,3813.4100,3851.6300,2452307200,29040762880.00
SH000959,2011-07-28,3820.2200,3825.3900,3790.0600,3815.1100,2403355200,30395512832.00
SH000959,2011-07-29,3817.9100,3866.2600,3790.1700,3835.4100,2624654400,28976431104.00
SH000959,2011-08-01,3828.9600,3856.2700,3814.1500,3839.4000,1808228000,22039932928.00
SH000959,2011-08-02,3814.8900,3814.8900,3770.6300,3808.2300,1845402800,23792168960.00
SH000959,2011-08-03,3778.0500,3820.5300,3772.8700,3802.8000,1950142400,25725710336.00
SH000959,2011-08-04,3813.8200,3835.4200,3794.9400,3804.2100,1528330900,20733444096.00
SH000959,2011-08-05,3717.0200,3742.5300,3699.8700,3718.5200,2599028400,32369192960.00
SH000959,2011-08-08,3685.3800,3713.0200,3560.3500,3604.0500,3892794400,46195027968.00
SH000959,2011-08-09,3523.5000,3631.2400,3502.9400,3617.4400,3978484800,46482051072.00
SH000959,2011-08-10,3677.5100,3691.8100,3639.5900,3646.7400,3128877800,37664608256.00
SH000959,2011-08-11,3594.7500,3703.9200,3593.1400,3697.0100,3237403600,39884709888.00
SH000959,2011-08-12,3713.5500,3717.5400,3686.2200,3695.2900,2606676000,31931058176.00
SH000959,2011-08-15,3704.5700,3761.8200,3683.4600,3761.1200,2795575200,32745279488.00
SH000959,2011-08-16,3761.2900,3783.6100,3727.7300,3737.7300,2609832600,32055160832.00
SH000959,2011-08-17,3735.9800,3756.7300,3720.9500,3727.2900,1936230000,22478536704.00
SH000959,2011-08-18,3730.5400,3734.0400,3657.9800,3663.9600,2010989200,25502654464.00
SH000959,2011-08-19,3610.7300,3640.4100,3599.9400,3628.2300,2352911200,27818412032.00
SH000959,2011-08-22,3630.8500,3656.0300,3582.3000,3595.1700,1829556400,23160004608.00
SH000959,2011-08-23,3609.0400,3658.3900,3593.8500,3658.2500,1751491200,20543440896.00
SH000959,2011-08-24,3672.3800,3684.8300,3628.6900,3636.2800,1791282000,22394873856.00
SH000959,2011-08-25,3653.1600,3779.1500,3648.6400,3778.6800,4254173200,45189566464.00
SH000959,2011-08-26,3756.0700,3779.2700,3740.4500,3773.5500,2413391200,27872585728.00
SH000959,2011-08-29,3736.1700,3736.1700,3689.9600,3695.3100,2516543600,29390970880.00
SH000959,2011-08-30,3723.5300,3766.1700,3686.5900,3692.8600,2316270800,27120308224.00
SH000959,2011-08-31,3694.6700,3716.5300,3674.9800,3704.2100,1670308800,20995483648.00
SH000959,2011-09-01,3711.7800,3742.7400,3690.2400,3702.8300,1678532800,20306849792.00
SH000959,2011-09-02,3695.2500,3703.9500,3644.6500,3664.0500,1611544600,18167275520.00
SH000959,2011-09-05,3634.6600,3634.6700,3594.3000,3597.7500,1796928400,20883161088.00
SH000959,2011-09-06,3578.2600,3601.9700,3559.0700,3575.7100,1753983400,20235249664.00
SH000959,2011-09-07,3594.2300,3649.8400,3584.0900,3647.0000,1864352000,21008009216.00
SH000959,2011-09-08,3659.0400,3659.7200,3620.4000,3621.8400,1362092300,16215286784.00
SH000959,2011-09-09,3641.5800,3677.3700,3608.4400,3623.4800,1497554700,16815683584.00
SH000959,2011-09-13,3575.8900,3606.4300,3563.8400,3598.5200,1515815700,17288601600.00
SH000959,2011-09-14,3610.4100,3622.6400,3548.4000,3612.1000,1682680000,19018717184.00
SH000959,2011-09-15,3612.2200,3639.8300,3604.6400,3604.9000,1711306800,18351753216.00
SH000959,2011-09-16,3625.7500,3639.8900,3601.0200,3612.5700,1505945500,16590970880.00
SH000959,2011-09-19,3587.4100,3587.4100,3544.2500,3546.0900,1536460500,16092723200.00
SH000959,2011-09-20,3543.3300,3577.4800,3528.7400,3559.3800,1365014100,15204536320.00
SH000959,2011-09-21,3562.3800,3666.5900,3543.8600,3654.1400,2871798000,31525767168.00
SH000959,2011-09-22,3620.7900,3634.5700,3542.8800,3543.6800,2423652000,25745481728.00
SH000959,2011-09-23,3498.2100,3542.2100,3477.6400,3526.3700,2339779200,26438647808.00
SH000959,2011-09-26,3496.6900,3534.4300,3427.8200,3438.1500,2093501600,23972016128.00
SH000959,2011-09-27,3471.0400,3497.1300,3447.8200,3477.0500,1801354000,20121430016.00
SH000959,2011-09-28,3499.2400,3507.5900,3436.5500,3446.3200,1728827600,19346558976.00
SH000959,2011-09-29,3427.0000,3466.7200,3414.2500,3438.7000,1870979200,20004145152.00
SH000959,2011-09-30,3444.9400,3465.6400,3419.1000,3429.2400,1765796600,18263842816.00
SH000959,2011-10-10,3436.4300,3443.9500,3390.6800,3396.2500,1551977300,15594720256.00
SH000959,2011-10-11,3491.5200,3504.4800,3372.7900,3404.1100,2602698800,27504994304.00
SH000959,2011-10-12,3386.0600,3530.4100,3370.8700,3527.3400,3656799200,35632472064.00
SH000959,2011-10-13,3515.6200,3554.0200,3506.3300,3543.3900,2864616000,29214046208.00
SH000959,2011-10-14,3534.1000,3547.4900,3504.0600,3540.4000,1846095200,18788519936.00
SH000959,2011-10-17,3544.2000,3584.5800,3536.7600,3560.9300,1951932400,21370023936.00
SH000959,2011-10-18,3534.4700,3542.7100,3466.0000,3472.5600,2091877800,21383286784.00
SH000959,2011-10-19,3482.5800,3507.9400,3461.9400,3465.0500,1666998300,18420342784.00
SH000959,2011-10-20,3445.7500,3453.1900,3372.4000,3396.5200,2133440400,22361112576.00
SH000959,2011-10-21,3401.5100,3430.8000,3389.0600,3399.1200,1647389800,16478510080.00
SH000959,2011-10-24,3412.0400,3509.9000,3400.6700,3504.3000,2685078800,26425155584.00
SH000959,2011-10-25,3496.4200,3562.8700,3478.9000,3551.1000,3110304400,31888482304.00
SH000959,2011-10-26,3534.7800,3616.3600,3531.9300,3579.4400,3731842800,37114363904.00
SH000959,2011-10-27,3588.5800,3609.0600,3579.0500,3595.4000,2449433400,24768749568.00
SH000959,2011-10-28,3642.6700,3694.4200,3633.8700,3656.6900,3936800800,41455050752.00
SH000959,2011-10-31,3647.9600,3650.0200,3614.2400,3631.0700,2684592000,29237809152.00
SH000959,2011-11-01,3603.4700,3680.0500,3597.9500,3636.4300,2944498400,31137671168.00
SH000959,2011-11-02,3588.4800,3704.2700,3584.2400,3702.9000,3308648000,35769987072.00
SH000959,2011-11-03,3713.6500,3733.9800,3686.6400,3688.5500,4084252400,47438921728.00
SH000959,2011-11-04,3725.5700,3734.9400,3695.7900,3712.9000,2893926800,31729956864.00
SH000959,2011-11-07,3694.2100,3710.1100,3662.9800,3667.5800,2081511800,24118341632.00
SH000959,2011-11-08,3678.1700,3694.3300,3662.6400,3668.6800,2302807400,24077477888.00
SH000959,2011-11-09,3683.3100,3703.4600,3645.7200,3689.4400,2201350400,23646482432.00
SH000959,2011-11-10,3647.8200,3658.6700,3610.8400,3613.8000,2359857200,24848322560.00
SH000959,2011-11-11,3617.4600,3633.9100,3598.5000,3609.8600,1664337600,18188544000.00
SH000959,2011-11-14,3640.7500,3687.2500,3635.8800,3681.8700,2229060400,25573445632.00
SH000959,2011-11-15,3675.4800,3680.8500,3648.7200,3662.0600,1859498800,22334171136.00
SH000959,2011-11-16,3660.5200,3661.4400,3544.6800,3561.0600,2418926800,27884206080.00
SH000959,2011-11-17,3563.3100,3578.0400,3544.8200,3547.4400,1591909400,18486294528.00
SH000959,2011-11-18,3525.0000,3540.0700,3484.7300,3493.3200,1979740400,22311321600.00
SH000959,2011-11-21,3499.4600,3504.0800,3468.6600,3495.9100,1475609700,16613653504.00
SH000959,2011-11-22,3475.9400,3500.4800,3463.8000,3496.4300,1520088100,17381113856.00
SH000959,2011-11-23,3500.8900,3504.9500,3449.6500,3458.6500,1513952900,17232162816.00
SH000959,2011-11-24,3436.1100,3491.2700,3431.3600,3470.3400,1492785500,16474172416.00
SH000959,2011-11-25,3463.4900,3475.2100,3433.1700,3442.4700,1129917300,13005290496.00
SH000959,2011-11-28,3453.0000,3469.6600,3431.7100,3440.4800,1277846600,15186032640.00
SH000959,2011-11-29,3468.4300,3487.9800,3448.8100,3484.4400,1528567300,18094366720.00
SH000959,2011-11-30,3471.3000,3477.7000,3374.2200,3386.1900,2010950800,21360136192.00
SH000959,2011-12-01,3488.6200,3542.8600,3468.7000,3477.7300,3877290800,39742238720.00
SH000959,2011-12-02,3462.7100,3473.7600,3432.1500,3457.3900,1738237800,18191380480.00
SH000959,2011-12-05,3464.6800,3469.5600,3425.6800,3434.4600,1860499600,19521568768.00
SH000959,2011-12-06,3426.4600,3440.7500,3409.9400,3425.9600,1454996600,15259392000.00
SH000959,2011-12-07,3429.1900,3458.6700,3420.2000,3448.4900,1313596600,13819953152.00
SH000959,2011-12-08,3446.2900,3476.8700,3413.3600,3448.9500,1442246300,15149697024.00
SH000959,2011-12-09,3427.5400,3455.4900,3424.2600,3434.7400,1308626600,14652624896.00
SH000959,2011-12-12,3425.8100,3431.0100,3403.2000,3404.8700,1155738100,11983582208.00
SH000959,2011-12-13,3394.0100,3404.8400,3346.3700,3351.1300,1910322400,19516162048.00
SH000959,2011-12-14,3343.6200,3366.5300,3327.2900,3334.9300,1313760700,13225949184.00
SH000959,2011-12-15,3318.5100,3332.1200,3274.2000,3276.0000,1908284400,19094409216.00
SH000959,2011-12-16,3273.3800,3339.4300,3266.2100,3337.0100,1930453600,19473631232.00
SH000959,2011-12-19,3311.4100,3337.2500,3253.0100,3332.5700,2062590000,19377649664.00
SH000959,2011-12-20,3323.3900,3380.0300,3319.5200,3333.7200,1777871600,17440966656.00
SH000959,2011-12-21,3358.8800,3370.7400,3293.8800,3296.7800,1650763400,16352393216.00
SH000959,2011-12-22,3283.2400,3325.0500,3257.4500,3305.4000,1955389600,17960783872.00
SH000959,2011-12-23,3302.4200,3356.8500,3295.0200,3328.4100,1843884400,17723148288.00
SH000959,2011-12-26,3309.6400,3337.0400,3296.3900,3298.8800,1455284000,14761518080.00
SH000959,2011-12-27,3296.2200,3320.3400,3268.6200,3271.6800,1435869000,14815861760.00
SH000959,2011-12-28,3261.7600,3278.6800,3229.9400,3275.3300,1692090200,16245940224.00
SH000959,2011-12-29,3262.4700,3298.6100,3259.2200,3285.6700,1543472600,15005767680.00
SH000959,2011-12-30,3295.9400,3332.8100,3295.9400,3327.9000,1928948000,18540294144.00
SH000959,2012-01-04,3349.6300,3358.7000,3279.6200,3280.9600,1833025200,18992101376.00
SH000959,2012-01-05,3273.4900,3341.5600,3271.7900,3289.4200,2549040400,23445602304.00
SH000959,2012-01-06,3287.8700,3312.7900,3269.0000,3308.2300,1928093400,17935114240.00
SH000959,2012-01-09,3309.9000,3406.7700,3287.2500,3406.2300,3178074200,31242455040.00
SH000959,2012-01-10,3403.7900,3502.1200,3398.8600,3495.6700,4132364400,41643888640.00
SH000959,2012-01-11,3492.9500,3504.2700,3455.9200,3469.9600,2587361600,28882823168.00
SH000959,2012-01-12,3463.7000,3517.5800,3458.7200,3478.1000,2440559400,25625554944.00
SH000959,2012-01-13,3482.8800,3492.1900,3414.9600,3439.8700,2339482400,24796286976.00
SH000959,2012-01-16,3422.4000,3451.0000,3404.3900,3404.8700,1579223800,19162998784.00
SH000959,2012-01-17,3408.0200,3544.9500,3379.4200,3543.2600,3483699200,36908302336.00
SH000959,2012-01-18,3542.0900,3564.1800,3486.4100,3496.4900,3026559800,34870059008.00
SH000959,2012-01-19,3503.1300,3579.5800,3498.6100,3566.2400,3150309600,33832048640.00
SH000959,2012-01-20,3581.1200,3632.0800,3567.2400,3623.4200,3364394800,36385357824.00
SH000959,2012-01-30,3627.8900,3627.8900,3549.2600,3549.9600,2572629400,26947158016.00
SH000959,2012-01-31,3553.0600,3570.3900,3530.0900,3549.6300,1718885200,18682179584.00
SH000959,2012-02-01,3539.3500,3568.8300,3489.3800,3497.1200,1951294600,21830424576.00
SH000959,2012-02-02,3508.9600,3593.7300,3497.9700,3593.7300,2470639600,26461292544.00
SH000959,2012-02-03,3581.5700,3631.5000,3570.7300,3614.6000,2789817000,30082166784.00
SH000959,2012-02-06,3620.5600,3634.7600,3579.7600,3601.1900,2451517600,26859247616.00
SH000959,2012-02-07,3579.2000,3584.2400,3514.5700,3535.3600,2125445200,22233163776.00
SH000959,2012-02-08,3534.3200,3637.7700,3528.6100,3630.4000,3001950400,33152053248.00
SH000959,2012-02-09,3629.3600,3645.5000,3608.0400,3622.8900,2958491200,33113157632.00
SH000959,2012-02-10,3611.4600,3667.7600,3609.2500,3623.6600,3410352000,33749504000.00
SH000959,2012-02-13,3582.4500,3636.1100,3568.7500,3602.7800,2668310000,28728385536.00
SH000959,2012-02-14,3597.4800,3601.8100,3560.8400,3582.9300,2024370400,22090852352.00
SH000959,2012-02-15,3572.8800,3634.0700,3566.3800,3611.9000,2736625200,30611881984.00
SH000959,2012-02-16,3607.5100,3623.3600,3573.0400,3594.3700,2538577200,26952251392.00
SH000959,2012-02-17,3617.2400,3626.0400,3582.1000,3599.4100,1797017800,19348338688.00
SH000959,2012-02-20,3649.5000,3653.7900,3605.4800,3607.4600,2683662000,30307264512.00
SH000959,2012-02-21,3613.7100,3632.9300,3582.0900,3631.9500,2074990000,22798751744.00
SH000959,2012-02-22,3633.6300,3672.0900,3621.1000,3667.4800,3702494800,39117447168.00
SH000959,2012-02-23,3664.7600,3685.0600,3655.7300,3671.8000,3296024400,35984846848.00
SH000959,2012-02-24,3674.5700,3728.6700,3662.2100,3728.2100,4594044800,47977938944.00
SH000959,2012-02-27,3742.0000,3777.8800,3732.2000,3733.0100,5112835200,55156330496.00
SH000959,2012-02-28,3729.3300,3762.2900,3725.9000,3749.2300,3470201600,38181695488.00
SH000959,2012-02-29,3741.7500,3744.7000,3702.4300,3705.9900,2912187200,33878867968.00
SH000959,2012-03-01,3692.7200,3720.9000,3691.1800,3704.1900,2116131200,24500604928.00
SH000959,2012-03-02,3709.6400,3765.1100,3709.6400,3764.6300,3264492000,35815452672.00
SH000959,2012-03-05,3773.3600,3779.8400,3727.2500,3729.1100,3536541600,39077056512.00
SH000959,2012-03-06,3719.0100,3724.2900,3666.9300,3672.7600,3269579800,37209780224.00
SH000959,2012-03-07,3640.6300,3680.4700,3637.7900,3645.3900,2941722800,33049866240.00
SH000959,2012-03-08,3658.0600,3697.8200,3658.0600,3682.6900,2864489200,33161332736.00
SH000959,2012-03-09,3693.8100,3704.1000,3670.1700,3702.9200,2733314800,33615372288.00
SH000959,2012-03-12,3697.8400,3700.0100,3649.0400,3669.7400,3104896800,37319585792.00
SH000959,2012-03-13,3668.0500,3706.4700,3666.5100,3704.6400,2631632000,31331655680.00
SH000959,2012-03-14,3724.8000,3738.8800,3615.0300,3622.9600,5046264000,55711371264.00
SH000959,2012-03-15,3622.0300,3640.0200,3593.5000,3596.4000,3606888800,38146150400.00
SH000959,2012-03-16,3604.1000,3634.0300,3583.3200,3631.3300,2719810000,33015963648.00
SH000959,2012-03-19,3622.0900,3626.1200,3588.6800,3620.5100,2582999400,31719972864.00
SH000959,2012-03-20,3611.8500,3612.3000,3564.2300,3565.8400,2539773200,28958715904.00
SH000959,2012-03-21,3585.0000,3598.2600,3548.4500,3566.4100,2471662800,28591912960.00
SH000959,2012-03-22,3568.2800,3593.3900,3549.6600,3573.8300,2142477200,23475384320.00
SH000959,2012-03-23,3565.0400,3568.3000,3530.7800,3541.0900,1985390400,22936012800.00
SH000959,2012-03-26,3539.9900,3556.6600,3530.7400,3546.1900,1472511600,18050955264.00
SH000959,2012-03-27,3560.7300,3565.5600,3534.4700,3541.0000,1680510800,25134411776.00
SH000959,2012-03-28,3531.9900,3536.9600,3456.4900,3461.6800,2320302600,27640260608.00
SH000959,2012-03-29,3449.9000,3462.5700,3410.5400,3425.1900,2345995000,26449592320.00
SH000959,2012-03-30,3434.5600,3465.0900,3434.5600,3464.3900,1995338800,22123034624.00
SH000959,2012-04-05,3454.4500,3525.8800,3439.2500,3516.3800,3068850600,35043209216.00
SH000959,2012-04-06,3510.5200,3525.2100,3497.7900,3521.4500,2123292000,25557864448.00
SH000959,2012-04-09,3506.9800,3514.8800,3480.9900,3486.4700,1581795500,18084673536.00
SH000959,2012-04-10,3480.9400,3519.3700,3450.9800,3518.0200,1790765600,22467540992.00
SH000959,2012-04-11,3489.0600,3543.7300,3482.8800,3514.9100,2221197600,24037107712.00
SH000959,2012-04-12,3517.4600,3590.9400,3507.6700,3589.0600,3013834000,33143896064.00
SH000959,2012-04-13,3591.3400,3616.1700,3584.3300,3601.2200,2744060800,33783205888.00
SH000959,2012-04-16,3580.6700,3603.7500,3575.9500,3588.9900,1785370400,20548028416.00
SH000959,2012-04-17,3586.0100,3593.3400,3543.4500,3544.9900,1729757600,19153373184.00
SH000959,2012-04-18,3556.6200,3627.9300,3551.3200,3624.7000,3002111800,31209119744.00
SH000959,2012-04-19,3620.4100,3637.7200,3614.9900,3628.1700,2268199800,30369290240.00
SH000959,2012-04-20,3623.0700,3680.2300,3619.8900,3680.0500,3191193400,34842275840.00
SH000959,2012-04-23,3674.0600,3688.3900,3643.7200,3651.9200,2726259200,29741285376.00
SH000959,2012-04-24,3641.4800,3723.2500,3619.7800,3671.3600,3856731600,40616423424.00
SH000959,2012-04-25,3660.9700,3699.3400,3655.3600,3691.8000,3113488000,33943953408.00
SH000959,2012-04-26,3703.7000,3712.6000,3676.3200,3691.8100,2677885000,31438946304.00
SH000959,2012-04-27,3693.2500,3704.3300,3683.7100,3686.3700,2521624800,30170122240.00
SH000959,2012-05-02,3735.0300,3780.2200,3715.5100,3759.6700,4323819200,52865892352.00
SH000959,2012-05-03,3754.2900,3770.2500,3745.3100,3763.4600,3079099200,40376623104.00
SH000959,2012-05-04,3759.6600,3782.2600,3738.1200,3781.1000,3167034800,40087650304.00
SH000959,2012-05-07,3756.1000,3774.2000,3735.4800,3763.6500,3622952800,46887804928.00
SH000959,2012-05-08,3762.2800,3763.3200,3719.4200,3747.8000,3223886400,39966629888.00
SH000959,2012-05-09,3718.7700,3718.7700,3678.9400,3683.4900,2865060600,36771536896.00
SH000959,2012-05-10,3684.4900,3692.8600,3663.7300,3678.6400,2230944800,28039124992.00
SH000959,2012-05-11,3671.7900,3690.4200,3653.8700,3655.4400,1817448000,24884582400.00
SH000959,2012-05-14,3677.9900,3681.9200,3622.3000,3625.7900,2641590400,33271713792.00
SH000959,2012-05-15,3608.4500,3634.4100,3604.2300,3631.9900,2309045200,29374228480.00
SH000959,2012-05-16,3622.8300,3624.2700,3570.6300,3572.9600,2270466400,28001626112.00
SH000959,2012-05-17,3580.3500,3638.2200,3572.0800,3628.5200,2191156800,27899547648.00
SH000959,2012-05-18,3603.5300,3607.6400,3566.5400,3575.3400,2117687600,25296293888.00
SH000959,2012-05-21,3572.8700,3609.7900,3563.5900,3588.7300,1893412400,24691208192.00
SH000959,2012-05-22,3603.0700,3641.6500,3600.8200,3640.4900,2314575200,29383401472.00
SH000959,2012-05-23,3632.5800,3650.4600,3604.5700,3623.8900,2330038800,30778109952.00
SH000959,2012-05-24,3622.4600,3643.9300,3590.9600,3599.1100,2395713000,30859378688.00
SH000959,2012-05-25,3600.5900,3608.6100,3559.0300,3570.0700,1994830400,24076787712.00
SH000959,2012-05-28,3557.0500,3618.2600,3543.6200,3617.4700,2777474400,32833712128.00
SH000959,2012-05-29,3618.0200,3670.8400,3610.9700,3662.0900,3322200800,41441816576.00
SH000959,2012-05-30,3655.9300,3664.8200,3638.8500,3649.6800,2515576800,29772888064.00
SH000959,2012-05-31,3620.3400,3636.7200,3605.8900,3620.6900,2037225400,25583171584.00
SH000959,2012-06-01,3622.3300,3647.3200,3610.9800,3623.0000,2331331600,31702577152.00
SH000959,2012-06-04,3582.4600,3585.0600,3523.0600,3525.0600,2789592800,35354546176.00
SH000959,2012-06-05,3534.7900,3546.7600,3513.6100,3527.6900,2067711800,25355223040.00
SH000959,2012-06-06,3533.7800,3548.4900,3521.5500,3533.5000,1942152800,25210707968.00
SH000959,2012-06-07,3557.3700,3563.4300,3504.2400,3510.7900,1812069000,23291592704.00
SH000959,2012-06-08,3529.1300,3529.1300,3469.4400,3475.2300,2713365600,30092029952.00
SH000959,2012-06-11,3484.8800,3530.2700,3479.3800,3517.9200,2292672000,25787793408.00
SH000959,2012-06-12,3498.5300,3514.5500,3477.0800,3497.4500,2268428000,24174792704.00
SH000959,2012-06-13,3505.8200,3551.5300,3494.4500,3550.1200,2503077800,29557673984.00
SH000959,2012-06-14,3537.6200,3548.2700,3515.3800,3518.8700,2166236000,26378985472.00
SH000959,2012-06-15,3526.4600,3560.3300,3514.0300,3550.1800,2608931400,31274340352.00
SH000959,2012-06-18,3563.6200,3577.3200,3549.1900,3560.3600,2021671000,24790245376.00
SH000959,2012-06-19,3554.6900,3557.8300,3536.0200,3538.7200,1793136000,21376253952.00
SH000959,2012-06-20,3544.8400,3560.9200,3534.8500,3538.5100,1591903700,18981971968.00
SH000959,2012-06-21,3531.6900,3531.6900,3472.8400,3485.6700,1915687600,22220500992.00
SH000959,2012-06-25,3469.8000,3469.8000,3421.4100,3423.6900,2255259600,25353459712.00
SH000959,2012-06-26,3400.9000,3435.1400,3398.4900,3419.4400,1718652200,20210597888.00
SH000959,2012-06-27,3417.7200,3434.2900,3403.0100,3408.0400,1565743000,17709547520.00
SH000959,2012-06-28,3413.0000,3423.7800,3390.2100,3391.5000,1518358100,19657771008.00
SH000959,2012-06-29,3386.3000,3446.8400,3383.2500,3444.3500,1970166800,23971233792.00
SH000959,2012-07-02,3457.5800,3457.5800,3421.2000,3436.9600,1887777200,24717553664.00
SH000959,2012-07-03,3436.9200,3473.0500,3426.0600,3443.8800,1968477400,26146115584.00
SH000959,2012-07-04,3452.0800,3467.3400,3436.8500,3447.2300,1698703800,20591534080.00
SH000959,2012-07-05,3429.4100,3429.7000,3398.3400,3412.8300,1733580400,20065071104.00
SH000959,2012-07-06,3408.3200,3453.1500,3385.4300,3445.6400,2835863800,35815837696.00
SH000959,2012-07-09,3422.9000,3438.0500,3352.3100,3354.8800,2868530000,34075729920.00
SH000959,2012-07-10,3352.1400,3374.6800,3339.8800,3347.8700,1945717600,22762934272.00
SH000959,2012-07-11,3341.2500,3367.5900,3335.1600,3357.6000,1954868400,22657226752.00
SH000959,2012-07-12,3352.3700,3394.5200,3317.9900,3376.9500,3048775600,38440214528.00
SH000959,2012-07-13,3367.4400,3409.5000,3365.0200,3386.4500,1841620600,23628419072.00
SH000959,2012-07-16,3390.2400,3390.2400,3329.8600,3331.2500,2148436800,25570238464.00
SH000959,2012-07-17,3324.3400,3367.3400,3323.8000,3355.6900,1703369400,22217943040.00
SH000959,2012-07-18,3355.9400,3363.5800,3301.4500,3348.1600,2295744800,26299127808.00
SH000959,2012-07-19,3338.1000,3385.8000,3330.6900,3361.9100,2249346400,26063372288.00
SH000959,2012-07-20,3351.7900,3358.7200,3321.4700,3330.0200,1930673600,20327981056.00
SH000959,2012-07-23,3306.5700,3306.5700,3264.1000,3274.1800,1689899800,18944090112.00
SH000959,2012-07-24,3259.8300,3301.2100,3258.1500,3279.3000,1623650200,18481950720.00
SH000959,2012-07-25,3269.7500,3284.8200,3257.4900,3260.5600,1246810700,14544593920.00
SH000959,2012-07-26,3261.1200,3278.6300,3243.6300,3248.1000,1622404800,17917425664.00
SH000959,2012-07-27,3257.7100,3282.9800,3252.0800,3261.2700,1725649800,19389784064.00
SH000959,2012-07-30,3268.1400,3290.2600,3251.8600,3254.7200,1627596400,17888968704.00
SH000959,2012-07-31,3260.0000,3291.2300,3259.9400,3273.6600,1715101400,18825175040.00
SH000959,2012-08-01,3273.6300,3310.6500,3272.7200,3296.5100,1669063300,18541946880.00
SH000959,2012-08-02,3289.6500,3293.5000,3252.7600,3264.3100,1732264400,17738852352.00
SH000959,2012-08-03,3270.3900,3278.6200,3251.7700,3277.7500,1495827200,17422104576.00
SH000959,2012-08-06,3273.0200,3310.1800,3270.0200,3303.1400,1945382000,23549984768.00
SH000959,2012-08-07,3301.2100,3305.7200,3291.1600,3298.6500,1775079600,21912072192.00
SH000959,2012-08-08,3302.2600,3324.8800,3301.4500,3309.8600,1855056000,23683901440.00
SH000959,2012-08-09,3308.9700,3329.4800,3294.1600,3327.7800,1687739600,25077788672.00
SH000959,2012-08-10,3329.9500,3337.0200,3312.8500,3316.0600,1563491000,22792468480.00
SH000959,2012-08-13,3309.7000,3309.7000,3252.4900,3254.7500,2326616000,27486324736.00
SH000959,2012-08-14,3256.4700,3263.2900,3228.7000,3260.6600,2001681600,24498812928.00
SH000959,2012-08-15,3251.9700,3252.3400,3219.4800,3222.0500,1602870600,17423693824.00
SH000959,2012-08-16,3217.2800,3226.4900,3210.2200,3212.6500,1305887300,15661116416.00
SH000959,2012-08-17,3211.3600,3223.5300,3194.4700,3214.4900,1355876900,17574967296.00
SH000959,2012-08-20,3191.1300,3200.4800,3167.4800,3194.4500,1443465400,15904114688.00
SH000959,2012-08-21,3194.6300,3217.4900,3184.4900,3196.1200,1879455600,20146049024.00
SH000959,2012-08-22,3198.0900,3201.6800,3161.4800,3177.2100,1655501000,17837404160.00
SH000959,2012-08-23,3178.6500,3195.5300,3162.5700,3184.9300,1757380800,20655439872.00
SH000959,2012-08-24,3179.3800,3182.2200,3156.1000,3160.6000,1664075400,19208247296.00
SH000959,2012-08-27,3154.0600,3154.0600,3105.9400,3106.9700,1976415800,21173567488.00
SH000959,2012-08-28,3104.9000,3144.6200,3098.2100,3131.8600,1707668000,17321037824.00
SH000959,2012-08-29,3119.9800,3135.3100,3107.8600,3108.8800,1430049500,15954058240.00
SH000959,2012-08-30,3088.8500,3129.2900,3088.8500,3123.2400,1818884200,19754825728.00
SH000959,2012-08-31,3115.8400,3133.0400,3107.1400,3108.5400,1386673300,14005576704.00
SH000959,2012-09-03,3104.1400,3143.9300,3099.4200,3128.5700,2173519400,21718648832.00
SH000959,2012-09-04,3129.9200,3133.4100,3086.8400,3095.0500,1896705200,21023807488.00
SH000959,2012-09-05,3089.2100,3098.2300,3065.7600,3079.4400,1914531800,18298494976.00
SH000959,2012-09-06,3083.7400,3103.5100,3076.0700,3102.1800,1711950800,16069126144.00
SH000959,2012-09-07,3122.5500,3262.1300,3122.5500,3225.6300,4927258000,49488265216.00
SH000959,2012-09-10,3227.0900,3240.3100,3212.3000,3226.4800,3202710800,35742019584.00
SH000959,2012-09-11,3214.3500,3214.3500,3176.6800,3199.3400,2175836800,23251005440.00
SH000959,2012-09-12,3217.0400,3231.6000,3176.0000,3200.8400,2351875600,25097238528.00
SH000959,2012-09-13,3196.3500,3209.3100,3179.6300,3179.8900,1813499600,18649237504.00
SH000959,2012-09-14,3210.8900,3225.8800,3184.9900,3204.1500,2891564000,31574745088.00
SH000959,2012-09-17,3198.2000,3202.0100,3133.1500,3134.5500,2363406400,25016006656.00
SH000959,2012-09-18,3122.7100,3125.5500,3094.4600,3102.2700,1602229800,17268434944.00
SH000959,2012-09-19,3104.6000,3118.0900,3093.8500,3111.2200,1778771000,19683196928.00
SH000959,2012-09-20,3100.2900,3100.2900,3051.5900,3053.0100,2162688600,21996048384.00
SH000959,2012-09-21,3045.9500,3080.6100,3042.1900,3057.1100,2068271600,20067082240.00
SH000959,2012-09-24,3038.9400,3086.3100,3023.2600,3073.5700,1922365600,19524161536.00
SH000959,2012-09-25,3067.3600,3085.6900,3059.5500,3069.7700,1395900300,15608541184.00
SH000959,2012-09-26,3067.3700,3077.2100,3040.6000,3046.0200,1326268400,13746098176.00
SH000959,2012-09-27,3047.7400,3162.3800,3046.9200,3141.7600,2802339600,28211435520.00
SH000959,2012-09-28,3116.5500,3200.8000,3114.3800,3193.9300,3206518200,32694009856.00
SH000959,2012-10-08,3191.1100,3212.2900,3145.4200,3161.4800,1772149200,18824898560.00
SH000959,2012-10-09,3178.4600,3240.4200,3178.4600,3225.6500,2479481600,25639280640.00
SH000959,2012-10-10,3219.1700,3226.9700,3204.1500,3222.7600,1694674600,18460291072.00
SH000959,2012-10-11,3213.4900,3218.9900,3193.0100,3201.5400,1744115000,17839452160.00
SH000959,2012-10-12,3212.7300,3241.8700,3187.8000,3207.7600,1821142800,18275815424.00
SH000959,2012-10-15,3210.1000,3213.7500,3176.4000,3196.3100,1348090400,15872500736.00
SH000959,2012-10-16,3192.7500,3217.6300,3184.0600,3197.7900,1574476100,18393513984.00
SH000959,2012-10-17,3208.8700,3218.1600,3176.0500,3203.1500,1733955000,18184671232.00
SH000959,2012-10-18,3211.4300,3258.0300,3207.7700,3251.3000,2512322800,26006697984.00
SH000959,2012-10-19,3248.3500,3258.9000,3244.3900,3249.4400,1744234000,18552100864.00
SH000959,2012-10-22,3232.6800,3274.9400,3228.7600,3265.3500,1757858200,19011000320.00
SH000959,2012-10-23,3264.3100,3270.5100,3225.6400,3228.7300,1660274700,17913303040.00
SH000959,2012-10-24,3218.4200,3241.4500,3216.4500,3224.2900,1412058800,15227632640.00
SH000959,2012-10-25,3222.1000,3243.5200,3202.5800,3204.8400,1677800000,15928968192.00
SH000959,2012-10-26,3204.7500,3209.5700,3136.6500,3150.9000,1823119200,18875424768.00
SH000959,2012-10-29,3143.9600,3150.1400,3121.8600,3131.3800,1313987600,14688691200.00
SH000959,2012-10-30,3133.2800,3158.9900,3122.3700,3137.1600,1656784000,16555023360.00
SH000959,2012-10-31,3141.4400,3158.7400,3130.8800,3154.7700,1695125600,17210427392.00
SH000959,2012-11-01,3157.7900,3230.6600,3157.4900,3215.4600,2650992800,27210717184.00
SH000959,2012-11-02,3216.5700,3241.3000,3203.4100,3236.4700,2059124800,20683390976.00
SH000959,2012-11-05,3232.6300,3255.1000,3217.3000,3235.9200,2160304000,19786573824.00
SH000959,2012-11-06,3236.3500,3239.3700,3183.7100,3225.6100,1853569400,19698833408.00
SH000959,2012-11-07,3219.8200,3231.7200,3201.4800,3216.4600,1633120400,18219147264.00
SH000959,2012-11-08,3192.4500,3200.9500,3164.2500,3165.4200,1734628400,17219624960.00
SH000959,2012-11-09,3159.9200,3173.2100,3150.4000,3158.7900,1617027300,13930340352.00
SH000959,2012-11-12,3161.5600,3180.0600,3153.1900,3179.2900,1919343600,17855416320.00
SH000959,2012-11-13,3177.7900,3177.7900,3120.4300,3127.7800,1763770000,16391193600.00
SH000959,2012-11-14,3128.2100,3143.1000,3118.9000,3137.9300,1360639700,13205758976.00
SH000959,2012-11-15,3122.3500,3132.9300,3100.0800,3100.6000,1377658400,13353975808.00
SH000959,2012-11-16,3094.7500,3098.2700,3059.5200,3078.1300,1565133400,15670607872.00
SH000959,2012-11-19,3075.9100,3080.0900,3046.6100,3077.9000,1483522600,17434398720.00
SH000959,2012-11-20,3085.0400,3089.5600,3057.7600,3060.9600,1212431900,14315255808.00
SH000959,2012-11-21,3060.6700,3104.6800,3049.9700,3103.1500,1471316100,15755205632.00
SH000959,2012-11-22,3088.4800,3095.3400,3075.4300,3087.5500,1123117300,12738113536.00
SH000959,2012-11-23,3098.2400,3123.4500,3090.0300,3111.1100,1523613600,15812303872.00
SH000959,2012-11-26,3103.6600,3110.7000,3087.1300,3096.9900,1198589300,12265127936.00
SH000959,2012-11-27,3089.4100,3098.0600,3078.6000,3080.5800,1547746800,14735857664.00
SH000959,2012-11-28,3070.9600,3075.6100,3058.5500,3064.5300,1506432400,13995800576.00
SH000959,2012-11-29,3064.8400,3077.5800,3044.2600,3046.2800,1562762300,14263535616.00
SH000959,2012-11-30,3044.1500,3085.1900,3041.6000,3079.2100,1957718000,17729073152.00
SH000959,2012-12-03,3075.7000,3103.3800,3056.8200,3058.8200,2302662600,22875478016.00
SH000959,2012-12-04,3054.6700,3093.9300,3052.8800,3087.9500,1901299400,19957415936.00
SH000959,2012-12-05,3085.9100,3211.8000,3083.6700,3195.4900,4773736800,45703360512.00
SH000959,2012-12-06,3191.1700,3213.9100,3183.5400,3199.2900,2751658600,28133758976.00
SH000959,2012-12-07,3199.0200,3263.5400,3191.2100,3259.6600,4391001600,42764271616.00
SH000959,2012-12-10,3272.7900,3305.2000,3268.7000,3294.1800,4192081600,38938021888.00
SH000959,2012-12-11,3282.5100,3297.5900,3270.3400,3274.4700,2635800000,26724825088.00
SH000959,2012-12-12,3274.7200,3303.9300,3266.8400,3291.5400,2620838600,25371060224.00
SH000959,2012-12-13,3282.0500,3289.3300,3258.8000,3259.0700,2291080400,23392030720.00
SH000959,2012-12-14,3265.2400,3440.1600,3265.2400,3438.7100,6375582000,60907823104.00
SH000959,2012-12-17,3449.0300,3478.0100,3447.3700,3456.5600,5144467200,53331701760.00
SH000959,2012-12-18,3446.8100,3506.5700,3429.6000,3458.5500,4859365600,51262906368.00
SH000959,2012-12-19,3452.0500,3485.2200,3442.1600,3457.5800,3700031600,40566452224.00
SH000959,2012-12-20,3442.1800,3486.7200,3421.4500,3473.4900,3610120800,40217763840.00
SH000959,2012-12-21,3476.7000,3509.9500,3439.6800,3449.0600,3518060800,39197892608.00
SH000959,2012-12-24,3444.6300,3496.4900,3444.2100,3467.0000,2731253600,33680398336.00
SH000959,2012-12-25,3457.0500,3598.6000,3448.0500,3581.5300,5282522400,56261931008.00
SH000959,2012-12-26,3576.9800,3592.7700,3567.4200,3583.5000,3624688400,40527441920.00
SH000959,2012-12-27,3593.7800,3615.7800,3557.1600,3558.6800,3496540000,39774220288.00
SH000959,2012-12-28,3564.8300,3621.0900,3560.0400,3617.7400,3598753600,39837667328.00
SH000959,2012-12-31,3625.4300,3694.7300,3625.4300,3693.6800,4586099200,49868238848.00
SH000959,2013-01-04,3742.6500,3763.6900,3676.6300,3715.2100,5564602000,59560857600.00
SH000959,2013-01-07,3706.8900,3755.6100,3696.3100,3732.4400,4144466800,44989755392.00
SH000959,2013-01-08,3731.9400,3738.7700,3670.8300,3690.2900,3843908400,45725822976.00
SH000959,2013-01-09,3678.6600,3699.3800,3658.2400,3688.1800,3852516800,45012213760.00
SH000959,2013-01-10,3688.0400,3730.5500,3672.6900,3696.1900,3880672000,42520043520.00
SH000959,2013-01-11,3700.0000,3708.7900,3613.0300,3628.3100,3979156000,42877792256.00
SH000959,2013-01-14,3615.0800,3779.1800,3614.5800,3766.7400,5354364400,59589586944.00
SH000959,2013-01-15,3767.3200,3792.6900,3759.4300,3777.6500,5030045600,56377397248.00
SH000959,2013-01-16,3770.1500,3776.5500,3688.1900,3734.4000,4653682000,53674967040.00
SH000959,2013-01-17,3724.0800,3726.7600,3679.9000,3700.6500,3670299200,40480862208.00
SH000959,2013-01-18,3723.5600,3783.2400,3704.5100,3764.6000,4224956800,46594420736.00
SH000959,2013-01-21,3781.5000,3800.2200,3749.3600,3799.2300,4697505600,52434354176.00
SH000959,2013-01-22,3799.3500,3834.2500,3762.1100,3795.4900,6443760800,66140106752.00
SH000959,2013-01-23,3782.2700,3816.6300,3765.5700,3811.5300,4244736800,42759131136.00
SH000959,2013-01-24,3811.7000,3908.8700,3765.3100,3792.1800,6816426400,70455164928.00
SH000959,2013-01-25,3790.9600,3802.8200,3760.6100,3767.4800,3314638800,37428047872.00
SH000959,2013-01-28,3777.7600,3902.7100,3777.7600,3901.8400,5900542400,67555274752.00
SH000959,2013-01-29,3907.9700,3959.9600,3894.1400,3942.3300,6357332000,73064644608.00
SH000959,2013-01-30,3946.4800,3970.5100,3919.3700,3967.8700,6135962800,65318359040.00
SH000959,2013-01-31,3972.1800,3983.2500,3940.2700,3967.7000,5858724000,59709874176.00
SH000959,2013-02-01,3953.1000,4074.6200,3938.9900,4071.7700,6525546800,74430275584.00
SH000959,2013-02-04,4087.2600,4118.0800,4056.4700,4082.0000,7910892000,89435201536.00
SH000959,2013-02-05,4044.9700,4116.0300,4034.3500,4100.9600,7041354400,71932788736.00
SH000959,2013-02-06,4099.4100,4123.0700,4084.0200,4105.4200,5133048000,58273939456.00
SH000959,2013-02-07,4097.5400,4102.2400,3995.7900,4053.2400,5962118800,66479964160.00
SH000959,2013-02-08,4046.9400,4090.4300,4019.0800,4059.5200,4755587200,54168092672.00
SH000959,2013-02-18,4080.3900,4086.5800,4010.0900,4016.2100,4695790800,52771844096.00
SH000959,2013-02-19,4011.2300,4022.5400,3926.9200,3943.9200,4771743200,52606484480.00
SH000959,2013-02-20,3947.8400,3951.9400,3893.5000,3948.9600,4337112800,47177474048.00
SH000959,2013-02-21,3909.4300,3909.4300,3763.3700,3802.8600,6358576800,69274501120.00
SH000959,2013-02-22,3797.8400,3809.8300,3760.1500,3769.2700,3689666400,42982797312.00
SH000959,2013-02-25,3787.0300,3821.7700,3762.9300,3784.1700,3291774000,36037156864.00
SH000959,2013-02-26,3753.9800,3830.5600,3728.3200,3732.9300,5203858800,56768802816.00
SH000959,2013-02-27,3745.1400,3810.1900,3742.0000,3780.9000,4104366800,44321517568.00
SH000959,2013-02-28,3809.8200,3909.4000,3780.1200,3908.2200,5808560000,65229574144.00
SH000959,2013-03-01,3906.9000,3920.8200,3827.0800,3888.0200,4672960800,54773305344.00
SH000959,2013-03-04,3804.3200,3804.7200,3666.7900,3689.3300,7170967200,76582641664.00
SH000959,2013-03-05,3692.8500,3818.5200,3685.9300,3816.1900,5878405600,63067447296.00
SH000959,2013-03-06,3834.1900,3870.8100,3808.5500,3856.1800,5582279600,61394460672.00
SH000959,2013-03-07,3839.6900,3864.2100,3760.6900,3800.1200,5234816800,60839768064.00
SH000959,2013-03-08,3806.4500,3821.2600,3777.4800,3792.2800,3534011200,40638730240.00
SH000959,2013-03-11,3783.8700,3793.1300,3736.2000,3761.2100,2950360400,33561174016.00
SH000959,2013-03-12,3758.3300,3803.3100,3684.8100,3714.9700,4275234000,45437796352.00
SH000959,2013-03-13,3711.0500,3720.4800,3657.8900,3671.8900,3329758200,35153178624.00
SH000959,2013-03-14,3661.3700,3699.9000,3651.6700,3679.2900,2929924000,32281690112.00
SH000959,2013-03-15,3678.2800,3783.5400,3636.4500,3693.3500,5408450000,57064452096.00
SH000959,2013-03-18,3671.1300,3699.7000,3632.3500,3635.7900,3721454800,41277698048.00
SH000959,2013-03-19,3641.3400,3688.4000,3629.2900,3677.0500,3340005600,35952705536.00
SH000959,2013-03-20,3680.5600,3808.8700,3680.5600,3808.6400,5939582400,63750451200.00
SH000959,2013-03-21,3810.8100,3824.3800,3782.7300,3806.0800,4097663600,45239193600.00
SH000959,2013-03-22,3803.2500,3823.4800,3788.3200,3811.0300,3252416600,34463850496.00
SH000959,2013-03-25,3827.3400,3846.6400,3794.0400,3799.2900,3503108800,37416964096.00
SH000959,2013-03-26,3782.7200,3791.7500,3709.3400,3732.1700,4159809600,43561771008.00
SH000959,2013-03-27,3736.3200,3791.4300,3718.7500,3743.7700,3514126800,37547286528.00
SH000959,2013-03-28,3657.5300,3657.5300,3593.0500,3604.7200,6111249600,59817320448.00
SH000959,2013-03-29,3606.4500,3617.1200,3580.9800,3603.6500,3529043200,35357995008.00
SH000959,2013-04-01,3591.0400,3622.6600,3587.5200,3601.3600,2663677600,27703543808.00
SH000959,2013-04-02,3609.2600,3650.5000,3586.7000,3607.7700,3188146600,33352564736.00
SH000959,2013-04-03,3623.3400,3653.9600,3610.1300,3622.8500,2731210200,27088568320.00
SH000959,2013-04-08,3562.5500,3601.9100,3544.9200,3598.2300,3169000600,33977634816.00
SH000959,2013-04-09,3608.7100,3647.4500,3608.5200,3622.8900,3006297200,33962684416.00
SH000959,2013-04-10,3620.8200,3630.8700,3591.6500,3615.0500,2705478400,32321232896.00
SH000959,2013-04-11,3644.1900,3654.5900,3605.5800,3608.2100,2441672400,26078181376.00
SH000959,2013-04-12,3605.7200,3624.5500,3580.3700,3583.3700,2311960000,25012293632.00
SH000959,2013-04-15,3572.9100,3589.7200,3545.6600,3555.2000,2746860600,26653487104.00
SH000959,2013-04-16,3531.9300,3588.2600,3522.8900,3586.0300,3492877600,35981971456.00
SH000959,2013-04-17,3583.0900,3592.4500,3540.6100,3567.6000,2714103200,29756745728.00
SH000959,2013-04-18,3540.0600,3592.7100,3531.2300,3579.7400,2788752600,31448481792.00
SH000959,2013-04-19,3587.6800,3701.8000,3585.8300,3688.3300,4831370400,52616998912.00
SH000959,2013-04-22,3674.6300,3696.6700,3664.4800,3682.5800,3399650400,38317330432.00
SH000959,2013-04-23,3688.2300,3688.2300,3558.9400,3562.1400,3582520800,39156088832.00
SH000959,2013-04-24,3567.2700,3651.8100,3555.7000,3624.9600,3501619200,37747781632.00
SH000959,2013-04-25,3611.6300,3637.6300,3565.7600,3592.2100,3184963600,34227523584.00
SH000959,2013-04-26,3607.5400,3621.5900,3558.6800,3569.1200,2548274000,26870552576.00
SH000959,2013-05-02,3555.4000,3582.9100,3539.6600,3578.4700,2768823000,29015193600.00
SH000959,2013-05-03,3591.6400,3685.8200,3591.6400,3641.1800,3740710400,40025460736.00
SH000959,2013-05-06,3657.5500,3701.4900,3654.0700,3686.1900,3481621200,37998841856.00
SH000959,2013-05-07,3677.1500,3702.1200,3659.5200,3686.1400,3091640000,36291121152.00
SH000959,2013-05-08,3704.6500,3735.6300,3684.4200,3700.6500,3205164800,35862409216.00
SH000959,2013-05-09,3701.6000,3703.3500,3642.8300,3668.5000,3215170400,37374849024.00
SH000959,2013-05-10,3658.9000,3696.7300,3651.3300,3691.3700,2525200600,28632877056.00
SH000959,2013-05-13,3692.7900,3699.1000,3656.4000,3673.4400,2614515600,29796935680.00
SH000959,2013-05-14,3666.2500,3668.5800,3602.3400,3619.4600,2826709800,32510998528.00
SH000959,2013-05-15,3623.3100,3638.3700,3614.5300,3630.5900,2222462800,26068467712.00
SH000959,2013-05-16,3623.4200,3699.5400,3602.1000,3697.1800,3847439600,43718762496.00
SH000959,2013-05-17,3694.5300,3758.6800,3682.5400,3747.5700,4418896800,48145502208.00
SH000959,2013-05-20,3756.5000,3810.8700,3749.0400,3777.1900,4732838800,53226602496.00
SH000959,2013-05-21,3771.8300,3781.4900,3744.5000,3768.5800,3318302800,38293721088.00
SH000959,2013-05-22,3767.3000,3786.3900,3752.5300,3774.0300,3338450800,38932443136.00
SH000959,2013-05-23,3754.7600,3768.5400,3703.7900,3706.7200,3590010400,41241210880.00
SH000959,2013-05-24,3721.8500,3743.2500,3687.9000,3716.0100,2812048800,32521891840.00
SH000959,2013-05-27,3708.7900,3732.2400,3700.7800,3712.0800,2865863200,32861177856.00
SH000959,2013-05-28,3712.6100,3792.9900,3699.8700,3792.9800,4521057600,48944209920.00
SH000959,2013-05-29,3798.4800,3817.0200,3777.5900,3780.3400,4102700000,44450361344.00
SH000959,2013-05-30,3767.9700,3788.0100,3752.7900,3766.7100,3155000400,35616706560.00
SH000959,2013-05-31,3773.6600,3784.0800,3730.4400,3733.6200,2804234400,31755886592.00
SH000959,2013-06-03,3732.7500,3761.5500,3722.1400,3730.4600,2660310600,30049574912.00
SH000959,2013-06-04,3729.5600,3729.5600,3678.7700,3687.6900,2865276000,30940919808.00
SH000959,2013-06-05,3686.2800,3689.1800,3651.7000,3670.6800,2233564200,25147604992.00
SH000959,2013-06-06,3658.0400,3660.8200,3617.7300,3621.4900,2505223200,28427599872.00
SH000959,2013-06-07,3620.9200,3635.2900,3555.3700,3564.6700,3192333400,34769776640.00
SH000959,2013-06-13,3514.0900,3514.0900,3401.9400,3441.6700,3900644000,38183317504.00
SH000959,2013-06-14,3447.2700,3457.0100,3431.3200,3453.0800,2842967200,28068507648.00
SH000959,2013-06-17,3462.4800,3468.4600,3421.3900,3429.9200,2534390400,26729705472.00
SH000959,2013-06-18,3442.0400,3459.9500,3419.3700,3449.9100,2373896200,26139459584.00
SH000959,2013-06-19,3435.4700,3435.4700,3371.9000,3409.1000,2688794000,28694921216.00
SH000959,2013-06-20,3390.6400,3390.6400,3296.0600,3298.8700,2851121000,28335243264.00
SH000959,2013-06-21,3248.5400,3313.6100,3228.1300,3291.3200,3294037600,31447560192.00
SH000959,2013-06-24,3279.6900,3279.6900,3083.5600,3086.4600,5042098000,44743077888.00
SH000959,2013-06-25,3054.1000,3090.2500,2892.0200,3084.2700,6142232000,51722305536.00
SH000959,2013-06-26,3091.6000,3091.6000,3015.7400,3059.2200,4388417600,37503262720.00
SH000959,2013-06-27,3065.0300,3105.2600,3045.6100,3067.7100,4142304400,34523811840.00
SH000959,2013-06-28,3053.3800,3168.5100,3040.9700,3144.9300,4770813200,39144013824.00
SH000959,2013-07-01,3121.3700,3143.9100,3082.0100,3139.5000,3063495400,28139827200.00
SH000959,2013-07-02,3137.7800,3143.1500,3088.1700,3131.1200,3180541600,31730118656.00
SH000959,2013-07-03,3112.3400,3112.3400,3048.9000,3094.1300,3276348600,30896332800.00
SH000959,2013-07-04,3072.0200,3152.6300,3057.0200,3123.5100,3549712800,34864750592.00
SH000959,2013-07-05,3133.6600,3167.1100,3130.0300,3141.0500,3142993600,31208824832.00
SH000959,2013-07-08,3098.5500,3113.5800,3063.3700,3070.8600,2742949600,26076387328.00
SH000959,2013-07-09,3066.9200,3084.6900,3052.8900,3072.3700,2180592800,20066686976.00
SH000959,2013-07-10,3073.7300,3157.6900,3063.3600,3155.7700,3169084800,30781630464.00
SH000959,2013-07-11,3163.0700,3352.5700,3163.0700,3315.6500,7137740800,69461204992.00
SH000959,2013-07-12,3304.2300,3315.2900,3223.2300,3227.8300,4710427200,46797471744.00
SH000959,2013-07-15,3249.5700,3311.6100,3220.7600,3259.0900,3848549600,39510917120.00
SH000959,2013-07-16,3246.6300,3263.3700,3209.8400,3262.7500,3166276800,32450056192.00
SH000959,2013-07-17,3254.4400,3276.9400,3223.2800,3224.0100,3237529200,32137240576.00
SH000959,2013-07-18,3210.3100,3223.7100,3155.2300,3160.3600,2860508400,27337168896.00
SH000959,2013-07-19,3166.7500,3175.6800,3089.2700,3096.3700,3734745200,36798586880.00
SH000959,2013-07-22,3064.5800,3099.8500,3048.7100,3096.9800,2849035800,26379819008.00
SH000959,2013-07-23,3111.6300,3203.0600,3101.2600,3178.8700,3803589600,36421849088.00
SH000959,2013-07-24,3156.8900,3172.4300,3097.0600,3138.2000,3407450000,34955231232.00
SH000959,2013-07-25,3146.3300,3165.0100,3114.6000,3127.0700,2785222400,28640116736.00
SH000959,2013-07-26,3113.0000,3130.3500,3096.8500,3112.5100,1984890600,20942594048.00
SH000959,2013-07-29,3082.5900,3082.5900,3031.6000,3046.3700,2770556400,26815899648.00
SH000959,2013-07-30,3058.8500,3125.4800,3044.5800,3080.4000,2756440800,27309748224.00
SH000959,2013-07-31,3118.3200,3151.5100,3082.4100,3092.0600,2551031600,26502776832.00
SH000959,2013-08-01,3110.2900,3162.1400,3101.2200,3152.5800,3032272000,30572120064.00
SH000959,2013-08-02,3181.5500,3198.1500,3147.9300,3152.9000,3011381600,30423977984.00
SH000959,2013-08-05,3156.3000,3185.9600,3140.1500,3185.7400,2558543600,26188554240.00
SH000959,2013-08-06,3171.9400,3210.5500,3148.8600,3196.4400,3345433400,34258569216.00
SH000959,2013-08-07,3196.4200,3234.0200,3178.8900,3183.6200,3607280400,36147097600.00
SH000959,2013-08-08,3177.1800,3202.1300,3160.4000,3173.9000,2529276400,26232813568.00
SH000959,2013-08-09,3194.9500,3207.9400,3146.8700,3183.4300,3219224000,33923995648.00
SH000959,2013-08-12,3196.9100,3289.1700,3192.7300,3288.5800,5125736000,54092500992.00
SH000959,2013-08-13,3289.3600,3307.4400,3275.7000,3302.1100,3746130400,38786723840.00
SH000959,2013-08-14,3309.2700,3348.3500,3277.4200,3288.4400,3545112000,36650360832.00
SH000959,2013-08-15,3287.8500,3315.0900,3256.0500,3259.3700,2854236800,29905309696.00
SH000959,2013-08-16,3250.9200,3464.6900,3220.5100,3255.8600,7105376800,64729686016.00
SH000959,2013-08-19,3227.0700,3300.1200,3221.4100,3284.2400,3900576000,39207108608.00
SH000959,2013-08-20,3275.3900,3320.1800,3245.3300,3257.8600,3989208000,39470776320.00
SH000959,2013-08-21,3269.6700,3271.7000,3225.7400,3244.9800,2813481200,28040933376.00
SH000959,2013-08-22,3236.9200,3277.6000,3226.8700,3234.2800,2632680000,26545905664.00
SH000959,2013-08-23,3251.3100,3258.7100,3158.1400,3204.2500,3354630800,33879101440.00
SH000959,2013-08-26,3214.8500,3272.9000,3203.1900,3270.1900,3429430000,34469117952.00
SH000959,2013-08-27,3264.8500,3280.0500,3244.4400,3270.2900,2962707800,31227856896.00
SH000959,2013-08-28,3250.1000,3274.7700,3222.7000,3251.4300,3885352000,39714484224.00
SH000959,2013-08-29,3269.5300,3275.2900,3228.0700,3243.5600,3017144400,29982648320.00
SH000959,2013-08-30,3238.6200,3270.4500,3222.7600,3248.9900,3588441600,35659071488.00
SH000959,2013-09-02,3257.0500,3272.0900,3228.0500,3256.4500,3726006000,39838420992.00
SH000959,2013-09-03,3265.4300,3306.3700,3256.4200,3304.9800,3882317200,38712086528.00
SH000959,2013-09-04,3298.0700,3313.1400,3289.9600,3297.6600,3146148000,31602886656.00
SH000959,2013-09-05,3302.3700,3305.7200,3281.1600,3287.8500,2640569800,27933132800.00
SH000959,2013-09-06,3280.8500,3316.9400,3276.9300,3310.5400,3234900800,30627934208.00
SH000959,2013-09-09,3342.4100,3486.6900,3342.4100,3471.3500,8915694400,78372110336.00
SH000959,2013-09-10,3485.8100,3527.0300,3462.0700,3526.1900,8122131200,76497788928.00
SH000959,2013-09-11,3537.9800,3582.6300,3527.6900,3541.2000,7768248800,77238484992.00
SH000959,2013-09-12,3539.2800,3641.0600,3514.3600,3601.3100,8139690400,79016443904.00
SH000959,2013-09-13,3587.7300,3612.7500,3545.2000,3556.6200,5484872800,56617639936.00
SH000959,2013-09-16,3581.0800,3584.4000,3511.3500,3538.2600,6177037600,60852047872.00
SH000959,2013-09-17,3546.5900,3550.3800,3459.0800,3460.5900,5643752000,57968263168.00
SH000959,2013-09-18,3463.3700,3485.2000,3430.7600,3468.8700,3940246800,40220938240.00
SH000959,2013-09-23,3481.3200,3509.1900,3467.2900,3506.3400,4025166000,43596963840.00
SH000959,2013-09-24,3503.5900,3503.9600,3412.4700,3442.9500,4961803200,52363321344.00
SH000959,2013-09-25,3437.4000,3464.0200,3411.2800,3418.3000,3887652800,42193489920.00
SH000959,2013-09-26,3410.2700,3410.2700,3343.2800,3348.2400,4219837600,43654479872.00
SH000959,2013-09-27,3346.9700,3367.5000,3332.6100,3360.4900,3092037200,32564942848.00
SH000959,2013-09-30,3375.8100,3387.4100,3359.3000,3375.4500,2828733600,29803405312.00
SH000959,2013-10-08,3374.7900,3431.0400,3347.2100,3423.3400,4369717600,43840024576.00
SH000959,2013-10-09,3407.1900,3442.0500,3396.6900,3433.3400,3506363600,36179075072.00
SH000959,2013-10-10,3438.0100,3438.5800,3382.0600,3393.4900,3995208800,42379841536.00
SH000959,2013-10-11,3417.6400,3452.1000,3404.9200,3447.7400,4217384800,44837523456.00
SH000959,2013-10-14,3448.5600,3458.1200,3429.2900,3440.1200,4362837600,46425268224.00
SH000959,2013-10-15,3442.4200,3444.0700,3399.7500,3419.4900,3945550000,40712380416.00
SH000959,2013-10-16,3411.2000,3411.3500,3353.4700,3368.7900,3615937200,38011039744.00
SH000959,2013-10-17,3387.0700,3397.2700,3351.0400,3354.3700,2849954800,29724192768.00
SH000959,2013-10-18,3359.9900,3391.9200,3353.7800,3372.4800,2759376600,28082335744.00
SH000959,2013-10-21,3381.5200,3423.3200,3359.7400,3419.4500,3583611200,38236053504.00
SH000959,2013-10-22,3416.5300,3416.5300,3373.7200,3381.0300,3358002800,34753679360.00
SH000959,2013-10-23,3390.7900,3435.9800,3358.0200,3362.7900,4101184000,41299914752.00
SH000959,2013-10-24,3352.4600,3368.1200,3327.5400,3340.2000,3261803600,32443867136.00
SH000959,2013-10-25,3340.5900,3367.8200,3295.9100,3314.7900,3682660000,37707427840.00
SH000959,2013-10-28,3324.1500,3328.0600,3296.2300,3315.3800,2689822000,28104947712.00
SH000959,2013-10-29,3325.1800,3404.2300,3303.9300,3363.0500,5538312800,52238811136.00
SH000959,2013-10-30,3365.4300,3416.4700,3350.2700,3414.4800,4580100000,41862144000.00
SH000959,2013-10-31,3401.6000,3406.6600,3370.1800,3374.5000,4114562400,39475888128.00
SH000959,2013-11-01,3378.7300,3408.5700,3367.0100,3395.7300,3260759600,32571680768.00
SH000959,2013-11-04,3414.8200,3424.6600,3377.6100,3384.9500,2559182800,26103945216.00
SH000959,2013-11-05,3365.0600,3386.1600,3331.0200,3382.6800,3113674400,30316746752.00
SH000959,2013-11-06,3363.2900,3374.0900,3335.0300,3336.4900,2960448200,30722816000.00
SH000959,2013-11-07,3338.4700,3349.9900,3315.5600,3336.7600,2554050800,26153441280.00
SH000959,2013-11-08,3321.2600,3343.3200,3293.8600,3299.2800,2558058000,25760419840.00
SH000959,2013-11-11,3297.9100,3313.0400,3277.5000,3301.6000,2284570600,23336859648.00
SH000959,2013-11-12,3309.0800,3341.1900,3306.7700,3337.3500,2515366400,27267547136.00
SH000959,2013-11-13,3312.1200,3312.3100,3251.9300,3254.6200,2962834800,28238585856.00
SH000959,2013-11-14,3259.6800,3264.4400,3235.5100,3259.2500,2685773800,25853677568.00
SH000959,2013-11-15,3261.4100,3358.2700,3260.9800,3321.0100,4305856800,43429601280.00
SH000959,2013-11-18,3344.8700,3452.5900,3330.6400,3450.4400,6173242800,64036864000.00
SH000959,2013-11-19,3449.2600,3452.7400,3419.6200,3427.6000,4172992800,45223100416.00
SH000959,2013-11-20,3451.3000,3460.8000,3415.0800,3440.4100,3177539600,33987211264.00
SH000959,2013-11-21,3421.8300,3429.4600,3373.8700,3423.9800,4087410400,43472551936.00
SH000959,2013-11-22,3430.1900,3435.7000,3398.2200,3408.8400,3428307600,34940850176.00
SH000959,2013-11-25,3386.1100,3434.6400,3378.3700,3385.5100,3141585200,32156944384.00
SH000959,2013-11-26,3384.4100,3399.9600,3372.1000,3377.6000,2349867200,23555108864.00
SH000959,2013-11-27,3375.5500,3426.4700,3369.3500,3407.9100,3361928400,34946588672.00
SH000959,2013-11-28,3414.1000,3469.0200,3409.4200,3438.9300,4046265200,43421454336.00
SH000959,2013-11-29,3447.3400,3451.9200,3425.9800,3435.6600,2792780800,29205915648.00
SH000959,2013-12-02,3428.9800,3495.2300,3412.6300,3456.9300,6507859200,63917395968.00
SH000959,2013-12-03,3443.2700,3478.5300,3432.7800,3467.8000,3682600800,37654769664.00
SH000959,2013-12-04,3462.3800,3528.6400,3455.0400,3509.3700,5011945600,48662786048.00
SH000959,2013-12-05,3511.5800,3515.1800,3484.2000,3491.7300,3507296800,35330514944.00
SH000959,2013-12-06,3485.3700,3493.9500,3450.9400,3467.2200,3133447600,33390596096.00
SH000959,2013-12-09,3478.5100,3489.9600,3453.4100,3459.6500,2713737600,29452011520.00
SH000959,2013-12-10,3471.2700,3486.5600,3457.2500,3469.7700,2892583600,30055350272.00
SH000959,2013-12-11,3453.1100,3453.1200,3391.9100,3405.9900,3479027600,34896625664.00
SH000959,2013-12-12,3397.8700,3414.1100,3388.1500,3396.6000,2441872800,24754511872.00
SH000959,2013-12-13,3366.9200,3397.8300,3362.3400,3385.0900,2438075200,24492994560.00
SH000959,2013-12-16,3388.3900,3396.3800,3337.9900,3338.5400,2909120600,30130978816.00
SH000959,2013-12-17,3343.8400,3349.7100,3318.0300,3324.3200,2286798400,22818658304.00
SH000959,2013-12-18,3324.0000,3340.2700,3316.6200,3325.7900,1849569600,19218796544.00
SH000959,2013-12-19,3339.0700,3343.5900,3288.2000,3290.7000,2452970400,23341260800.00
SH000959,2013-12-20,3294.7400,3298.1300,3193.6900,3195.7000,3569836400,34655600640.00
SH000959,2013-12-23,3209.7100,3231.2000,3184.2600,3208.4200,2268468400,22299179008.00
SH000959,2013-12-24,3221.6200,3244.0400,3186.8800,3210.2300,2190898400,22681542656.00
SH000959,2013-12-25,3215.4700,3226.2600,3200.8900,3224.7400,2301994200,20209256448.00
SH000959,2013-12-26,3217.0300,3217.7800,3164.7600,3171.8000,2589311600,24013930496.00
SH000959,2013-12-27,3178.4000,3244.4900,3170.7700,3224.7100,2850113800,26095075328.00
SH000959,2013-12-30,3238.1300,3242.3300,3209.2000,3213.2700,2737352000,24583522304.00
SH000959,2013-12-31,3199.6400,3271.4600,3196.6000,3265.8000,3180376400,32235358208.00
SH000959,2014-01-02,3253.6600,3254.6600,3226.7300,3242.0100,2303150800,25212827648.00
SH000959,2014-01-03,3223.8300,3226.1500,3174.4200,3188.8700,2642827200,26857451520.00
SH000959,2014-01-06,3184.5400,3184.5400,3105.4400,3132.5000,3343813600,30702170112.00
SH000959,2014-01-07,3108.6900,3132.2500,3102.9500,3122.2100,2118639400,20904273920.00
SH000959,2014-01-08,3124.7300,3153.2700,3104.7500,3124.3700,2446461000,24004341760.00
SH000959,2014-01-09,3118.9700,3148.4300,3103.5800,3108.3800,2571084600,25432487936.00
SH000959,2014-01-10,3101.9100,3112.7400,3087.6700,3100.5200,2640145200,24243789824.00
SH000959,2014-01-13,3103.8900,3122.2300,3079.8600,3093.5500,2374685400,23127814144.00
SH000959,2014-01-14,3092.0800,3115.9800,3073.6200,3108.7400,2685406000,23214518272.00
SH000959,2014-01-15,3104.8500,3109.1500,3072.0300,3090.5000,2256762000,20614649856.00
SH000959,2014-01-16,3090.5800,3113.1700,3075.2700,3094.3800,2420809200,24405075968.00
SH000959,2014-01-17,3083.5300,3086.5100,3052.2200,3060.8700,2377444800,22899081216.00
SH000959,2014-01-20,3053.6700,3061.9700,3034.2200,3046.3800,1842175200,19012927488.00
SH000959,2014-01-21,3050.4100,3088.3900,3050.4100,3071.0100,1759580000,17693038592.00
SH000959,2014-01-22,3074.3500,3143.7900,3070.3200,3142.6000,3435598400,31483240448.00
SH000959,2014-01-23,3137.0400,3143.3100,3106.4100,3111.1900,2566654800,25806110720.00
SH000959,2014-01-24,3102.1800,3147.2300,3096.2000,3123.7800,2860332000,27872419840.00
SH000959,2014-01-27,3106.3400,3106.3400,3074.3300,3084.5000,3916437200,31771125760.00
SH000959,2014-01-28,3092.3300,3110.9300,3081.6600,3101.3700,2821724800,23232114688.00
SH000959,2014-01-29,3110.0200,3119.0700,3101.8500,3113.6000,2419216200,21065324544.00
SH000959,2014-01-30,3105.1600,3105.5600,3074.8500,3077.2300,1993719400,18399578112.00
SH000959,2014-02-07,3057.0000,3076.9800,3039.9600,3076.5000,2399093400,21733443584.00
SH000959,2014-02-10,3086.4900,3135.6400,3085.5500,3131.0600,3938507600,36625567744.00
SH000959,2014-02-11,3128.8000,3184.8800,3117.9300,3170.3900,5215910000,44744175616.00
SH000959,2014-02-12,3168.7300,3186.3800,3157.1500,3168.8400,3859572800,34569297920.00
SH000959,2014-02-13,3165.7800,3210.8900,3156.3400,3174.1000,5371036800,44170391552.00
SH000959,2014-02-14,3171.5200,3185.9200,3162.8000,3182.0500,3322453200,31380701184.00
SH000959,2014-02-17,3200.1500,3207.4200,3170.6600,3192.2200,4276096400,41630052352.00
SH000959,2014-02-18,3187.1500,3187.1500,3133.8200,3139.4500,4050428800,40276430848.00
SH000959,2014-02-19,3137.5800,3210.7500,3134.0700,3194.0500,5165752800,43042373632.00
SH000959,2014-02-20,3206.0900,3243.3200,3171.1400,3174.3100,5470076400,43957981184.00
SH000959,2014-02-21,3168.9800,3175.6700,3124.5700,3143.2700,3711433600,33247520768.00
SH000959,2014-02-24,3117.2600,3117.2600,3035.9700,3056.4400,4961000000,41557303296.00
SH000959,2014-02-25,3057.3500,3066.4500,2996.0100,3005.0600,4859500000,42911485952.00
SH000959,2014-02-26,2993.6000,3021.8100,2986.8800,3014.7000,4288485600,34735910912.00
SH000959,2014-02-27,3023.1900,3047.7900,2999.5300,3029.3200,4821043600,40787730432.00
SH000959,2014-02-28,3020.7600,3051.3400,2997.3600,3046.9700,3835608000,34297454592.00
SH000959,2014-03-03,3035.5900,3061.2100,3024.2000,3050.1900,4226596400,34975948800.00
SH000959,2014-03-04,3043.2500,3059.7700,3018.7300,3052.3500,3902187200,33563850752.00
SH000959,2014-03-05,3053.6900,3056.0500,3010.4000,3015.4300,2928758000,26643601408.00
SH000959,2014-03-06,3010.9800,3056.8000,2986.6600,3043.3900,3779239600,33619175424.00
SH000959,2014-03-07,3038.8100,3069.8600,3027.1600,3034.4700,3385872800,30834741248.00
SH000959,2014-03-10,3011.6000,3012.0700,2941.5500,2946.4500,3768229600,33239371776.00
SH000959,2014-03-11,2941.3500,2972.8600,2936.2300,2958.8400,3132656800,29118369792.00
SH000959,2014-03-12,2951.0600,2995.0800,2939.2800,2972.9300,3803757200,32634071040.00
SH000959,2014-03-13,2984.0600,3034.7500,2976.9400,3008.6200,4055837600,33911885824.00
SH000959,2014-03-14,2992.5100,3009.6500,2963.6700,2984.5200,3164194000,25977757696.00
SH000959,2014-03-17,3000.2500,3007.0900,2979.5000,3003.9900,2678478800,23823489024.00
SH000959,2014-03-18,3009.2500,3009.8400,2983.0900,2987.7900,2664362000,26705780736.00
SH000959,2014-03-19,2977.9000,2977.9000,2944.6100,2973.2000,2937493800,28069318656.00
SH000959,2014-03-20,2967.5000,2998.1000,2945.9800,2947.2900,3357891200,30722719744.00
SH000959,2014-03-21,2940.1400,3071.5000,2939.1700,3064.2900,6117442000,49357844480.00
SH000959,2014-03-24,3073.2300,3108.1500,3056.8100,3091.7700,5667668000,45835563008.00
SH000959,2014-03-25,3082.2100,3106.7700,3068.4800,3080.4600,4167750800,33551269888.00
SH000959,2014-03-26,3087.8100,3095.2000,3062.2400,3069.6200,2654050000,24213590016.00
SH000959,2014-03-27,3064.0800,3109.1100,3040.4300,3064.9800,3723542400,32069302272.00
SH000959,2014-03-28,3066.6600,3109.1900,3066.1000,3086.2900,3778271600,32623009792.00
SH000959,2014-03-31,3094.8900,3107.7300,3065.2400,3082.6600,2885948800,26406422528.00
SH000959,2014-04-01,3078.2300,3111.2300,3073.3700,3096.8600,2590370800,25112555520.00
SH000959,2014-04-02,3102.8300,3141.1400,3098.7900,3137.8200,3586762800,33645770752.00
SH000959,2014-04-03,3150.6600,3158.7500,3098.0400,3103.7900,3809734400,32558907392.00
SH000959,2014-04-04,3091.9100,3125.8400,3088.2400,3124.3000,2378812000,22894307328.00
SH000959,2014-04-08,3119.7400,3222.7000,3118.4100,3205.6200,5737764000,51649658880.00
SH000959,2014-04-09,3205.7000,3215.4100,3190.2200,3201.3700,3460184800,32772397056.00
SH000959,2014-04-10,3204.8700,3296.0000,3183.2400,3265.9500,6327050000,60070678528.00
SH000959,2014-04-11,3262.3500,3280.4200,3245.7500,3264.9800,5144882400,52921712640.00
SH000959,2014-04-14,3258.4700,3270.8800,3229.5800,3250.0800,3175631600,32891211776.00
SH000959,2014-04-15,3237.4800,3237.6800,3178.3900,3182.6000,3677092800,33971228672.00
SH000959,2014-04-16,3175.9200,3208.7000,3172.4200,3191.0200,2559260400,24773271552.00
SH000959,2014-04-17,3200.8900,3204.1900,3170.9800,3177.0900,2292148600,22687141888.00
SH000959,2014-04-18,3165.0900,3181.1000,3141.7600,3173.1400,2463331600,23152695296.00
SH000959,2014-04-21,3152.3900,3181.7100,3119.1700,3119.7400,2704196000,25735802880.00
SH000959,2014-04-22,3116.4800,3154.9800,3108.5900,3152.9600,2928683600,27159379968.00
SH000959,2014-04-23,3142.7400,3166.8300,3138.8200,3153.1300,2613880400,25154437120.00
SH000959,2014-04-24,3152.2000,3185.0800,3145.7800,3160.2800,2413617600,23154077696.00
SH000959,2014-04-25,3173.2900,3189.4500,3142.9400,3143.5500,3563250400,31761987584.00
SH000959,2014-04-28,3144.8000,3155.5000,3115.0400,3122.0900,3353180000,27960297472.00
SH000959,2014-04-29,3120.8200,3145.7400,3108.9000,3142.3900,2669219600,23924824064.00
SH000959,2014-04-30,3144.4500,3146.1800,3130.3400,3137.0800,2540296000,22964637696.00
SH000959,2014-05-05,3126.8100,3129.1200,3090.0300,3118.0000,2718926400,23786680320.00
SH000959,2014-05-06,3108.4100,3135.2600,3103.6700,3112.0600,2440694000,21855264768.00
SH000959,2014-05-07,3107.4600,3115.9700,3095.8200,3098.5100,2298652000,19879471104.00
SH000959,2014-05-08,3090.3800,3139.4800,3082.9600,3096.4300,2493195200,21311107072.00
SH000959,2014-05-09,3101.1400,3108.0400,3082.8500,3096.1000,2280113800,19644870656.00
SH000959,2014-05-12,3116.8700,3156.7600,3097.6300,3147.0000,3616816000,31837233152.00
SH000959,2014-05-13,3146.1700,3160.5300,3135.1500,3146.0100,2773215600,22972313600.00
SH000959,2014-05-14,3147.8700,3161.5700,3136.6900,3144.1100,2212863000,19620112384.00
SH000959,2014-05-15,3139.2100,3145.8900,3114.8100,3119.2000,2145381400,18579558400.00
SH000959,2014-05-16,3117.8600,3130.9300,3108.2900,3123.4300,1979680400,16938494976.00
SH000959,2014-05-19,3112.4200,3112.7100,3065.3900,3076.4500,2166531600,19759474688.00
SH000959,2014-05-20,3086.8400,3092.5700,3071.2100,3080.3900,1790098000,15705591808.00
SH000959,2014-05-21,3067.1200,3107.3300,3053.8800,3105.3700,1755829600,15356703744.00
SH000959,2014-05-22,3102.4100,3144.0000,3096.5000,3103.6600,2321944400,20474347520.00
SH000959,2014-05-23,3105.4700,3132.5700,3102.5100,3131.9800,1996096200,17655666688.00
SH000959,2014-05-26,3148.8600,3154.4200,3123.4600,3134.2100,1916853800,18930456576.00
SH000959,2014-05-27,3131.4800,3141.7800,3123.4700,3126.4100,1893262600,17295085568.00
SH000959,2014-05-28,3126.1500,3156.5100,3117.6700,3153.6800,2462856400,22448254976.00
SH000959,2014-05-29,3157.3400,3169.8200,3142.7900,3144.2700,2350094000,21402435584.00
SH000959,2014-05-30,3145.6700,3153.9700,3130.1800,3140.4600,2118062800,19022487552.00
SH000959,2014-06-03,3140.2800,3159.0100,3130.6300,3132.5500,2061680200,19742394368.00
SH000959,2014-06-04,3133.0900,3133.0900,3090.4400,3105.5100,2119717400,18669703168.00
SH000959,2014-06-05,3102.2600,3142.0100,3097.4000,3140.0800,1914317600,17880764416.00
SH000959,2014-06-06,3137.8800,3138.1300,3099.4800,3114.5300,1785567200,16743571456.00
SH000959,2014-06-09,3103.4100,3150.8100,3101.6800,3120.9900,2128154800,19658405888.00
SH000959,2014-06-10,3128.8600,3160.0500,3119.3400,3159.1100,2714135600,24803661824.00
SH000959,2014-06-11,3150.6000,3159.6600,3140.7100,3153.3500,2025206200,19021221888.00
SH000959,2014-06-12,3146.9200,3150.5000,3133.2800,3139.9300,2062660400,18676940800.00
SH000959,2014-06-13,3137.2000,3189.9600,3136.8700,3177.5200,3168028600,27915806720.00
SH000959,2014-06-16,3176.7900,3213.9300,3172.9700,3208.3000,3500419200,31671306240.00
SH000959,2014-06-17,3192.7700,3192.7700,3166.0000,3169.9100,2447772800,23290947584.00
SH000959,2014-06-18,3167.7600,3173.6800,3151.4500,3155.8500,2361448400,20504799232.00
SH000959,2014-06-19,3158.5700,3167.1300,3112.7300,3122.6500,2420738400,21440436224.00
SH000959,2014-06-20,3117.4000,3135.3100,3112.7400,3134.3300,2206519600,18533617664.00
SH000959,2014-06-23,3132.6100,3144.3000,3114.2300,3115.2700,1949667600,18945433600.00
SH000959,2014-06-24,3108.4800,3124.3700,3105.6800,3121.6000,1773186800,17882519552.00
SH000959,2014-06-25,3116.8800,3117.6200,3094.1800,3105.2600,1680899600,15890580480.00
SH000959,2014-06-26,3108.0200,3128.2500,3107.2600,3123.3700,1964894800,18937841664.00
SH000959,2014-06-27,3117.0200,3125.4500,3103.6400,3113.4700,1935652400,18811215872.00
SH000959,2014-06-30,3117.7400,3138.2400,3117.7400,3129.1600,2307089000,21982523392.00
SH000959,2014-07-01,3137.2600,3140.1100,3113.7200,3123.3000,1969220800,19877134336.00
SH000959,2014-07-02,3122.9300,3134.1400,3114.7500,3132.1600,2344850400,21749483520.00
SH000959,2014-07-03,3126.7900,3147.9600,3121.7400,3142.7300,2520806600,24489975808.00
SH000959,2014-07-04,3144.0100,3154.0600,3141.2800,3149.7800,2211607200,21968570368.00
SH000959,2014-07-07,3151.3700,3163.2300,3144.3000,3154.3100,2234468400,22063484928.00
SH000959,2014-07-08,3152.5600,3161.6200,3139.6700,3160.0600,2312289000,21003692032.00
SH000959,2014-07-09,3156.6900,3156.7600,3116.9400,3118.1400,2766099600,28128002048.00
SH000959,2014-07-10,3113.8800,3123.3300,3110.9400,3115.5000,2716198800,24875409408.00
SH000959,2014-07-11,3096.7100,3126.6100,3094.6000,3112.3300,2731704800,23385337856.00
SH000959,2014-07-14,3111.3700,3140.0300,3109.1300,3138.9800,2727872000,27085760512.00
SH000959,2014-07-15,3137.1400,3148.1900,3126.7300,3141.1700,2852552400,28924297216.00
SH000959,2014-07-16,3137.9900,3160.9300,3135.5400,3149.2100,3402168800,27016237056.00
SH000959,2014-07-17,3139.3000,3139.8000,3113.0400,3124.6800,2313645200,20513892352.00
SH000959,2014-07-18,3107.4100,3156.1400,3104.5500,3140.0500,3032035200,28061743104.00
SH000959,2014-07-21,3139.0700,3150.9200,3133.0700,3142.4200,2386886800,24123897856.00
SH000959,2014-07-22,3135.9000,3186.8800,3134.2800,3175.9400,3421987200,33390886912.00
SH000959,2014-07-23,3173.8900,3210.3200,3173.8900,3200.0900,3813782000,34813423616.00
SH000959,2014-07-24,3206.7700,3284.9200,3206.7700,3279.1200,6368646400,57216610304.00
SH000959,2014-07-25,3288.3200,3312.0200,3274.7400,3310.8500,4322528000,39669342208.00
SH000959,2014-07-28,3326.8900,3431.7300,3326.8900,3415.5700,8785849600,76984795136.00
SH000959,2014-07-29,3420.6300,3441.1000,3400.9500,3422.7300,6557428000,58251653120.00
SH000959,2014-07-30,3409.4100,3433.2400,3381.1100,3387.4400,6001804000,54991101952.00
SH000959,2014-07-31,3383.2900,3430.7700,3376.3300,3429.5200,4743550000,43323703296.00
SH000959,2014-08-01,3416.3000,3466.1400,3402.0200,3402.7000,5858200800,52236951552.00
SH000959,2014-08-04,3415.6600,3474.1400,3406.1100,3473.7200,5759262400,52994064384.00
SH000959,2014-08-05,3471.7200,3475.6800,3426.9500,3447.2900,4434719200,44010504192.00
SH000959,2014-08-06,3429.1000,3431.1500,3383.1500,3415.7900,4396342400,41928953856.00
SH000959,2014-08-07,3413.4400,3421.7800,3356.6700,3359.3500,4209874000,40322211840.00
SH000959,2014-08-08,3363.5500,3374.7700,3344.6500,3364.0000,3409909600,31589632000.00
SH000959,2014-08-11,3373.4600,3419.8100,3373.4600,3414.5200,3671637600,36609912832.00
SH000959,2014-08-12,3405.4500,3405.4500,3375.9900,3389.8500,3291934800,32519411712.00
SH000959,2014-08-13,3390.4200,3410.3300,3362.9400,3390.2700,3670430800,37306454016.00
SH000959,2014-08-14,3390.6300,3399.1000,3360.6100,3364.1800,3352437200,33917454336.00
SH000959,2014-08-15,3367.7300,3407.9200,3361.6500,3399.2200,3978112000,36103176192.00
SH000959,2014-08-18,3405.4300,3425.6600,3392.4400,3404.6900,4236601600,36909494272.00
SH000959,2014-08-19,3408.1600,3409.8500,3373.5200,3396.3100,3941477600,37412798464.00
SH000959,2014-08-20,3389.0600,3389.0600,3370.3700,3377.4200,3316001600,32806801408.00
SH000959,2014-08-21,3375.9900,3376.9500,3324.8100,3351.3100,3773034800,35044884480.00
SH000959,2014-08-22,3347.7300,3372.8800,3344.2500,3368.1900,3121230200,31341068288.00
SH000959,2014-08-25,3368.7600,3370.0900,3328.5800,3333.3500,3339905600,31928932352.00
SH000959,2014-08-26,3329.8800,3347.8700,3312.7600,3322.6300,3166086000,30010132480.00
SH000959,2014-08-27,3322.0300,3336.2400,3317.7200,3321.7700,2307678400,22562947072.00
SH000959,2014-08-28,3320.5500,3329.1000,3292.5400,3292.7800,2763932000,25807915008.00
SH000959,2014-08-29,3304.5600,3336.7400,3297.3400,3334.8400,2370714400,22098026496.00
SH000959,2014-09-01,3337.6100,3349.3100,3328.4300,3346.8500,3209775200,29786275840.00
SH000959,2014-09-02,3352.4600,3393.0400,3335.7300,3390.2500,4630210400,42946240512.00
SH000959,2014-09-03,3392.7400,3435.1800,3392.7400,3425.3500,5194701200,50003984384.00
SH000959,2014-09-04,3433.2800,3460.2800,3422.7400,3456.5900,4577752400,46350139392.00
SH000959,2014-09-05,3467.2700,3488.2400,3460.8100,3485.6000,5053532400,51124277248.00
SH000959,2014-09-09,3488.4300,3492.0900,3458.5700,3463.6200,4216367200,41455415296.00
SH000959,2014-09-10,3448.8300,3448.8300,3422.5200,3433.2100,3820824000,37059448832.00
SH000959,2014-09-11,3430.8400,3475.4400,3414.3600,3423.0400,5072839200,50922541056.00
SH000959,2014-09-12,3416.3200,3439.1000,3406.8800,3439.0700,3729839600,35826352128.00
SH000959,2014-09-15,3426.0200,3426.1900,3401.4100,3422.7300,4218314400,42218434560.00
SH000959,2014-09-16,3427.0500,3447.5300,3382.0900,3386.4100,7267018400,59044552704.00
SH000959,2014-09-17,3399.0200,3405.3100,3378.8600,3397.3000,4432498400,37348352000.00
SH000959,2014-09-18,3390.1100,3419.4200,3379.1900,3404.7800,4900508000,40841420800.00
SH000959,2014-09-19,3404.1700,3432.1100,3394.6900,3424.7700,4187197600,38050000896.00
SH000959,2014-09-22,3413.4600,3413.4900,3346.0400,3351.9000,4452324800,40899571712.00
SH000959,2014-09-23,3353.8000,3381.4000,3353.7000,3375.5400,3372556400,32130232320.00
SH000959,2014-09-24,3362.3600,3438.5900,3357.1700,3433.7200,5990002000,53178892288.00
SH000959,2014-09-25,3451.4600,3458.3800,3410.3400,3420.5100,5326106000,48240369664.00
SH000959,2014-09-26,3410.9000,3421.7800,3394.0500,3416.2900,3879761600,35726368768.00
SH000959,2014-09-29,3419.7500,3432.9600,3403.0700,3419.2400,4762316400,45372293120.00
SH000959,2014-09-30,3422.8300,3427.3300,3406.4600,3416.0900,3751146400,36763348992.00
SH000959,2014-10-08,3432.6800,3446.8300,3409.4500,3446.8300,4909216800,49047490560.00
SH000959,2014-10-09,3448.3400,3460.7600,3432.0600,3450.7200,4968530400,47940870144.00
SH000959,2014-10-10,3438.0800,3449.9100,3421.3100,3432.5900,5995168000,48753737728.00
SH000959,2014-10-13,3418.6900,3423.1400,3379.9900,3402.5300,5237800800,46283137024.00
SH000959,2014-10-14,3395.2600,3417.4300,3379.5800,3390.1800,4776614800,39557234688.00
SH000959,2014-10-15,3387.4400,3414.8700,3372.1300,3410.9400,5102699200,45336506368.00
SH000959,2014-10-16,3391.1400,3449.4900,3383.2900,3406.4300,6711785600,54931406848.00
SH000959,2014-10-17,3406.0800,3420.3600,3369.5600,3400.8200,5360462400,46592581632.00
SH000959,2014-10-20,3411.5200,3415.1500,3394.8500,3409.1100,3922818000,36568784896.00
SH000959,2014-10-21,3407.2300,3412.9100,3380.5400,3382.6700,3963676000,36290490368.00
SH000959,2014-10-22,3385.8400,3406.4900,3375.7300,3377.8400,3675311200,35660660736.00
SH000959,2014-10-23,3376.5000,3397.7800,3355.4700,3360.4000,4430009600,39126605824.00
SH000959,2014-10-24,3363.6800,3370.7000,3345.0700,3350.8200,3161394000,29321115648.00
SH000959,2014-10-27,3332.0100,3332.0100,3290.8900,3299.1700,3583110400,32875122688.00
SH000959,2014-10-28,3305.8900,3362.4600,3305.8900,3361.8600,4087481600,38788743168.00
SH000959,2014-10-29,3371.4600,3427.5900,3360.1100,3411.4200,6225606400,56418594816.00
SH000959,2014-10-30,3409.5100,3461.7000,3398.7000,3454.3200,7875219200,61086375936.00
SH000959,2014-10-31,3463.5200,3552.7200,3463.3800,3537.1100,12752669600,100428161024.00
SH000959,2014-11-03,3547.6800,3553.5400,3518.1400,3530.5200,9213408000,71974764544.00
SH000959,2014-11-04,3527.6900,3546.7200,3507.4200,3537.4900,8349357600,64276746240.00
SH000959,2014-11-05,3541.1200,3546.6100,3508.5500,3514.1100,7359393600,60808957952.00
SH000959,2014-11-06,3519.4300,3529.3100,3488.6200,3515.5700,5932530000,50093088768.00
SH000959,2014-11-07,3517.5200,3579.4800,3496.8400,3515.9600,10254468800,89947897856.00
SH000959,2014-11-10,3574.7700,3629.5500,3548.6600,3629.5500,12146180800,104681807872.00
SH000959,2014-11-11,3650.7200,3736.5800,3631.7300,3671.2000,18475292800,153916096512.00
SH000959,2014-11-12,3645.6600,3705.2500,3633.1500,3704.8300,9691382400,83303579648.00
SH000959,2014-11-13,3709.9000,3744.2100,3675.3100,3687.5300,10441926400,97390723072.00
SH000959,2014-11-14,3673.7700,3695.7000,3646.6700,3693.7400,7569084800,72682921984.00
SH000959,2014-11-17,3757.4600,3757.4600,3649.6700,3652.2800,7842016000,76688711680.00
SH000959,2014-11-18,3649.9000,3649.9000,3581.2800,3587.3100,6834408800,60894011392.00
SH000959,2014-11-19,3579.5900,3588.4200,3557.9800,3566.8600,4853752000,44357345280.00
SH000959,2014-11-20,3556.3900,3591.2000,3546.6000,3577.2600,4701706000,44002979840.00
SH000959,2014-11-21,3579.6400,3652.2000,3560.8800,3647.4000,7468103200,71152852992.00
SH000959,2014-11-24,3680.0400,3774.8900,3664.6900,3743.3200,14694516800,145565450240.00
SH000959,2014-11-25,3740.0200,3789.3200,3727.9900,3786.3000,10126513600,100976861184.00
SH000959,2014-11-26,3799.3300,3862.2600,3799.3300,3861.4000,12540716000,128747298816.00
SH000959,2014-11-27,3888.6500,3914.0500,3857.3300,3913.9900,14076363200,144905814016.00
SH000959,2014-11-28,3912.8000,4078.4800,3896.9800,4076.1200,21851073600,197589630976.00
SH000959,2014-12-01,4114.9100,4199.4700,4072.5500,4081.8300,20944376000,207655829504.00
SH000959,2014-12-02,4059.4900,4327.8300,4058.1600,4284.8700,21111940800,210079416320.00
SH000959,2014-12-03,4306.3500,4457.7900,4234.2500,4310.3000,25724873600,270924152832.00
SH000959,2014-12-04,4324.4300,4563.9400,4301.2900,4562.8800,23107776000,244013088768.00
SH000959,2014-12-05,4629.0000,4757.3200,4449.7300,4628.4800,29742953600,322638315520.00
SH000959,2014-12-08,4588.2000,4885.2900,4528.3900,4848.6300,27890624000,306862784512.00
SH000959,2014-12-09,4795.2700,5050.9700,4519.1200,4572.8000,33925596800,405109669888.00
SH000959,2014-12-10,4601.2300,4756.5500,4448.9300,4740.0200,23702294400,288512409600.00
SH000959,2014-12-11,4664.4700,4797.2600,4628.6200,4648.8600,17787436800,218833403904.00
SH000959,2014-12-12,4637.4100,4741.9900,4598.7300,4635.8300,14353446400,187501527040.00
SH000959,2014-12-15,4604.8100,4641.7700,4510.7100,4624.4900,13547251200,156708962304.00
SH000959,2014-12-16,4622.2200,4771.0300,4602.0600,4771.0300,18543881600,225276428288.00
SH000959,2014-12-17,4804.5600,4969.0300,4764.2000,4938.8800,27175420800,316313894912.00
SH000959,2014-12-18,4976.0200,5008.3800,4871.5700,4929.4200,18602633600,221003022336.00
SH000959,2014-12-19,4940.7600,5053.1500,4872.0500,5035.2300,19924598400,210131812352.00
SH000959,2014-12-22,5085.8300,5301.5200,5080.8600,5192.1300,30804947200,290383659008.00
SH000959,2014-12-23,5104.3100,5276.6000,5009.0300,5059.6900,22567558400,226242723840.00
SH000959,2014-12-24,5057.0400,5068.2800,4781.1500,4854.1000,18138748800,191439093760.00
SH000959,2014-12-25,4907.9400,5055.1900,4854.5400,5054.5400,17669416000,187562213376.00
SH000959,2014-12-26,5066.9500,5243.9000,5039.7400,5227.4400,21773035200,248695308288.00
SH000959,2014-12-29,5338.6400,5409.2600,5196.3000,5288.9800,25385572800,303291138048.00
SH000959,2014-12-30,5278.5300,5390.2300,5258.9300,5349.6600,20241587200,240384557056.00
SH000959,2014-12-31,5359.0200,5518.5400,5317.4300,5499.1300,21908337600,248068472832.00
SH000959,2015-01-05,5570.6400,5740.2900,5563.9200,5686.6600,26287187200,308379942912.00
SH000959,2015-01-06,5621.7600,5792.2000,5567.5200,5649.2000,23899481600,285888512000.00
SH000959,2015-01-07,5600.2100,5675.1300,5543.9800,5619.8000,17804633600,220879273984.00
SH000959,2015-01-08,5634.8000,5647.5600,5425.0500,5436.4500,16073126400,191962578944.00
SH000959,2015-01-09,5418.8400,5698.6000,5389.3800,5439.9400,21208867200,256647757824.00
SH000959,2015-01-12,5416.6900,5468.9000,5285.5000,5381.0300,15314496000,193927806976.00
SH000959,2015-01-13,5363.0600,5434.2000,5345.9200,5375.0200,10173444000,135010598912.00
SH000959,2015-01-14,5399.3700,5464.9700,5328.3200,5379.6000,11688990400,140077727744.00
SH000959,2015-01-15,5381.8100,5587.2400,5348.7200,5586.2200,14502774400,184042340352.00
SH000959,2015-01-16,5605.5100,5684.1500,5573.3500,5623.2400,16919747200,210709872640.00
SH000959,2015-01-19,5217.6000,5367.2000,5085.0200,5109.5700,19550488000,218893205504.00
SH000959,2015-01-20,5104.1800,5221.0600,5048.5600,5162.5700,17436235200,216057593856.00
SH000959,2015-01-21,5198.3300,5443.4800,5159.8100,5420.5800,20004372800,241752047616.00
SH000959,2015-01-22,5420.8200,5445.3300,5347.1600,5414.5700,14330694400,183517380608.00
SH000959,2015-01-23,5438.1600,5529.2600,5400.2600,5439.2100,15409305600,197997674496.00
SH000959,2015-01-26,5439.4100,5441.4100,5361.2000,5431.6400,12342300000,166088245248.00
SH000959,2015-01-27,5440.6700,5445.3700,5245.0200,5347.8500,14763659200,188737470464.00
SH000959,2015-01-28,5291.6400,5345.7000,5236.1000,5256.2200,10456107200,134848700416.00
SH000959,2015-01-29,5173.6200,5218.5200,5138.4600,5181.2500,10812548800,129490870272.00
SH000959,2015-01-30,5207.4100,5237.5600,5103.2900,5117.5600,9941272800,121364119552.00
SH000959,2015-02-02,4980.2100,5049.8200,4946.8700,4953.5300,10411969600,120873590784.00
SH000959,2015-02-03,5010.5900,5092.4000,4947.7300,5087.0700,10639068800,129906212864.00
SH000959,2015-02-04,5099.9800,5149.2200,5026.0400,5029.4300,9651730400,122851115008.00
SH000959,2015-02-05,5205.8700,5207.1200,4969.5300,4969.8500,14820508800,176114565120.00
SH000959,2015-02-06,4941.1700,4978.6900,4845.5500,4888.2400,10447584000,117790818304.00
SH000959,2015-02-09,4875.0200,4995.4600,4852.6300,4944.9000,10124422400,124397158400.00
SH000959,2015-02-10,4943.2600,5047.3300,4930.4100,5038.9900,9175408800,108919193600.00
SH000959,2015-02-11,5046.6600,5078.8200,5034.0700,5059.6400,7808300800,95104860160.00
SH000959,2015-02-12,5062.2300,5094.5200,5008.5800,5077.7000,8711072000,100530626560.00
SH000959,2015-02-13,5094.6300,5175.1900,5068.8800,5107.4600,11249954400,130860482560.00
SH000959,2015-02-16,5104.0100,5133.5100,5086.5800,5125.7900,8709368800,111157477376.00
SH000959,2015-02-17,5139.0600,5196.1700,5138.1900,5166.2600,8329496000,105776586752.00
SH000959,2015-02-25,5173.5800,5173.5800,5069.6300,5092.9000,8100968800,103683932160.00
SH000959,2015-02-26,5082.9900,5241.4900,5049.0500,5233.3500,11910413600,142965587968.00
SH000959,2015-02-27,5225.2600,5269.0800,5214.6000,5233.0800,10676838400,130019753984.00
SH000959,2015-03-02,5270.8800,5276.2000,5196.5200,5243.8900,12582840800,164352884736.00
SH000959,2015-03-03,5206.5800,5206.5800,5070.4500,5072.7500,12637609600,159612813312.00
SH000959,2015-03-04,5085.0400,5111.1400,5042.0700,5081.0500,9877348000,120040513536.00
SH000959,2015-03-05,5041.8700,5043.0600,4941.9600,4987.8600,11211100000,136730836992.00
SH000959,2015-03-06,4992.2700,5025.3300,4975.5300,4986.2900,8718845600,108200861696.00
SH000959,2015-03-09,4966.6700,5163.1500,4906.0900,5139.2400,14383057600,162143617024.00
SH000959,2015-03-10,5103.2300,5115.3400,5055.9200,5062.6400,10645711200,130816868352.00
SH000959,2015-03-11,5070.3700,5162.3300,5069.3700,5090.4100,10092372800,125747740672.00
SH000959,2015-03-12,5164.4500,5296.0300,5124.8200,5252.2600,17094862400,202372857856.00
SH000959,2015-03-13,5269.7800,5353.3700,5242.6200,5278.1900,14078758400,173719683072.00
SH000959,2015-03-16,5312.6000,5381.4800,5267.2500,5380.5000,13936873600,187075559424.00
SH000959,2015-03-17,5428.0100,5453.3700,5393.6800,5448.5000,18705035200,231210483712.00
SH000959,2015-03-18,5461.6900,5587.5800,5453.4100,5587.0900,21652598400,248668766208.00
SH000959,2015-03-19,5593.5500,5604.5600,5531.5300,5567.6900,19436889600,231015071744.00
SH000959,2015-03-20,5582.8600,5664.4500,5525.3400,5608.0600,21953294400,296487616512.00
SH000959,2015-03-23,5656.3200,5728.7900,5651.9100,5711.6100,20142353600,266741481472.00
SH000959,2015-03-24,5715.0500,5729.7400,5585.1100,5677.4000,23459201600,284779347968.00
SH000959,2015-03-25,5652.0800,5666.1500,5548.9600,5580.9500,19629905600,244094189568.00
SH000959,2015-03-26,5551.5200,5678.6300,5510.0700,5627.4500,16688816000,225562869760.00
SH000959,2015-03-27,5639.8600,5701.5800,5587.5400,5659.3700,15131084800,191731138560.00
sh000959,2015-03-30,5717.7500,5915.4000,5711.0800,5898.1000,23762337600,295271235584.00
sh000959,2015-03-31,6010.6100,6043.0800,5792.4000,5813.0200,24270161600,334552825856.00
sh000959,2015-04-01,5814.4400,5919.3600,5796.0400,5897.9100,17979158400,249426673664.00
sh000959,2015-04-02,5931.7000,5938.1500,5786.1600,5863.0400,17877712000,242535694336.00
sh000959,2015-04-03,5830.2800,5901.0600,5813.1600,5898.5600,15851697600,225694875648.00
sh000959,2015-04-07,5964.8400,6043.1900,5955.3200,6042.7400,22408827200,296018214912.00
sh000959,2015-04-08,6064.3700,6138.8000,5992.6500,6137.7500,25143838400,355108356096.00
sh000959,2015-04-09,6159.7300,6203.9000,6037.1400,6094.5900,25438614400,365242384384.00
sh000959,2015-04-10,6074.8600,6212.4700,6049.0200,6202.1200,19904062400,283179909120.00
sh000959,2015-04-13,6315.4700,6371.6200,6288.2300,6351.9500,25292873600,330296950784.00
sh000959,2015-04-14,6372.4600,6431.6800,6304.1800,6365.5000,23203443200,305273307136.00
sh000959,2015-04-15,6372.0200,6543.5200,6343.9300,6392.2600,27301385600,318183931904.00
sh000959,2015-04-16,6362.3100,6621.5100,6332.0700,6621.3700,22635142400,299183112192.00
sh000959,2015-04-17,6734.0900,6818.7500,6681.1800,6746.6100,29728752000,380985180160.00
sh000959,2015-04-20,6797.7800,6889.8500,6592.6200,6665.0900,36313427200,468692238336.00
sh000959,2015-04-21,6659.5100,6754.0500,6576.9100,6746.1900,25157899200,336556195840.00
sh000959,2015-04-22,6762.6700,6876.9900,6714.7600,6874.5800,26915788800,385261273088.00
sh000959,2015-04-23,6895.1700,6913.3700,6785.2300,6836.8500,24563979200,360350416896.00
sh000959,2015-04-24,6727.6000,6797.8100,6617.5700,6726.0100,23643384000,345783074816.00
sh000959,2015-04-27,6778.4700,6966.0000,6778.4700,6959.7200,26196299200,375671357440.00
sh000959,2015-04-28,6967.9500,7157.7100,6922.0900,6991.9100,34004166400,452678123520.00
sh000959,2015-04-29,6953.8300,6994.2800,6859.4100,6950.2600,20174668800,301101252608.00
sh000959,2015-04-30,6965.1000,7013.3900,6930.4800,6931.6900,21273630400,314409353216.00
sh000959,2015-05-04,6941.5000,7046.1600,6899.6900,7035.6700,19035224000,269045989376.00
sh000959,2015-05-05,7047.3700,7048.9000,6664.7500,6692.9300,24951500800,342438379520.00
sh000959,2015-05-06,6721.0900,6845.2700,6568.7700,6633.8300,20416524800,320739868672.00
sh000959,2015-05-07,6585.0300,6617.4400,6499.7900,6507.0500,15193051200,215681368064.00
sh000959,2015-05-08,6568.7900,6601.1400,6426.8400,6591.7900,14920368000,218419953664.00
sh000959,2015-05-11,6600.2600,6741.8100,6524.5500,6739.8800,19105337600,286338875392.00
sh000959,2015-05-12,6730.1900,6777.0100,6680.0000,6775.9600,18755795200,282353500160.00
sh000959,2015-05-13,6783.7800,6788.5200,6635.1700,6699.0000,17732483200,262293045248.00
sh000959,2015-05-14,6695.6300,6721.8000,6632.4000,6660.7600,16857468800,243598508032.00
sh000959,2015-05-15,6640.7100,6640.7100,6469.2200,6505.7400,15611022400,228785487872.00
sh000959,2015-05-18,6447.5900,6465.0200,6378.0400,6383.0200,12427104000,189186867200.00
sh000959,2015-05-19,6382.7500,6624.6900,6382.4100,6609.4900,15588427200,253473832960.00
sh000959,2015-05-20,6631.4400,6746.0600,6583.9200,6624.6300,17212772800,269444972544.00
sh000959,2015-05-21,6645.4800,6702.3100,6596.7300,6696.4400,13729984000,222851072000.00
sh000959,2015-05-22,6750.7300,6898.4300,6730.0200,6897.1500,22285320000,336581296128.00
sh000959,2015-05-25,6924.6200,7097.5000,6924.6200,7096.4200,23248961600,358505644032.00
sh000959,2015-05-26,7152.8600,7173.5100,7015.3200,7152.3600,23776168000,368653893632.00
sh000959,2015-05-27,7155.5900,7167.5100,7005.8400,7055.9800,21437456000,331799822336.00
sh000959,2015-05-28,7048.2600,7100.2500,6639.5200,6646.6800,29130758400,404568178688.00
sh000959,2015-05-29,6661.1000,6718.6500,6454.6900,6618.7700,22098672000,299837423616.00
sh000959,2015-06-01,6629.5400,6913.1300,6575.3600,6907.1400,23740830400,321138786304.00
sh000959,2015-06-02,6908.2900,6975.2700,6832.1100,6955.9800,21495672000,305598005248.00
sh000959,2015-06-03,6954.8400,6980.8500,6844.6100,6956.5300,20547772800,305311940608.00
sh000959,2015-06-04,6971.1500,7097.4300,6666.5500,7059.7100,27907817600,379406647296.00
sh000959,2015-06-05,7163.5800,7198.4300,6954.7400,7129.4000,27853699200,397580992512.00
sh000959,2015-06-08,7192.2300,7448.9500,7133.2800,7428.0600,36442704000,488108326912.00
sh000959,2015-06-09,7482.9800,7482.9800,7229.9400,7314.4600,32805718400,454687719424.00
sh000959,2015-06-10,7201.9300,7322.2900,7150.5900,7228.1200,23188196800,345235292160.00
sh000959,2015-06-11,7219.0100,7258.0000,7100.5400,7166.6600,19639307200,310690316288.00
sh000959,2015-06-12,7192.3400,7220.6700,7109.2800,7191.4800,21705483200,324893409280.00
sh000959,2015-06-15,7206.9900,7221.0000,7007.5000,7021.8500,20588368000,369428758528.00
sh000959,2015-06-16,6959.5600,7040.6500,6781.8100,6847.7500,17828883200,309594587136.00
sh000959,2015-06-17,6894.9900,6955.1800,6771.7500,6931.7100,18560737600,293704466432.00
sh000959,2015-06-18,6878.9100,6878.9100,6639.7400,6640.3600,17698980800,283180597248.00
sh000959,2015-06-19,6566.1800,6637.3500,6267.7000,6273.2100,16016737600,261452234752.00
sh000959,2015-06-23,6282.9200,6525.1700,6118.6500,6517.9600,17000035200,282267254784.00
sh000959,2015-06-24,6534.1300,6647.7800,6443.1700,6635.5400,17914976000,290291351552.00
sh000959,2015-06-25,6720.3900,6726.9500,6409.2000,6446.5900,18820742400,302075019264.00
sh000959,2015-06-26,6309.8000,6471.9400,5887.5500,6034.6600,20781246400,323978461184.00
sh000959,2015-06-29,6195.3700,6260.6300,5632.5600,6006.3400,24292422400,368059613184.00
sh000959,2015-06-30,6018.6100,6430.2900,5916.4400,6425.5400,25131446400,384248905728.00
sh000959,2015-07-01,6324.2200,6417.7600,6128.6300,6155.1300,20352691200,326171983872.00
sh000959,2015-07-02,6220.5800,6283.3500,5866.6100,6079.3800,22639097600,332002361344.00
sh000959,2015-07-03,5990.4300,6105.8500,5612.4800,5766.0400,20600456000,297392668672.00
sh000959,2015-07-06,6264.8700,6264.8700,5895.2800,6120.4400,33796576000,465761927168.00
sh000959,2015-07-07,5977.8700,6281.0800,5840.7400,6254.3600,35482377600,503649992704.00
sh000959,2015-07-08,5789.4900,6094.5100,5660.3800,5793.0600,33899849600,428782911488.00
sh000959,2015-07-09,5746.9300,6272.6400,5561.6100,6172.6100,28218732800,371428655104.00
sh000959,2015-07-10,6099.3400,6632.5100,6045.6700,6405.2800,30548956800,442246692864.00
sh000959,2015-07-13,6307.0700,6507.9300,6190.8400,6351.2600,26076152000,392582365184.00
sh000959,2015-07-14,6236.1700,6273.3600,6019.6600,6108.1900,20946932800,309594423296.00
sh000959,2015-07-15,6045.7900,6154.8600,5931.7300,6091.7300,18267606400,261257281536.00
sh000959,2015-07-16,6082.7200,6136.8000,6004.1900,6058.0100,12731760000,183089561600.00
sh000959,2015-07-17,6096.3700,6234.3600,6028.8100,6182.1300,13365537600,206283014144.00
sh000959,2015-07-20,6169.9300,6193.1400,6090.7800,6131.8400,13218722400,212960739328.00
sh000959,2015-07-21,6082.0200,6153.9400,6052.1900,6102.0200,12734555200,198809419776.00
sh000959,2015-07-22,6066.6600,6085.7100,5975.4000,6023.0100,11864461600,185841696768.00
sh000959,2015-07-23,6018.6300,6131.8500,6007.6900,6121.1400,13254572800,211055001600.00
sh000959,2015-07-24,6124.5400,6153.8000,6007.9500,6020.8800,14619187200,227474243584.00
sh000959,2015-07-27,5942.9100,5974.9200,5507.5300,5510.8400,15189934400,214987866112.00
sh000959,2015-07-28,5392.9300,5607.2300,5373.6500,5546.5600,16831396800,233592094720.00
sh000959,2015-07-29,5564.4600,5637.8700,5492.8800,5630.6200,10502411200,154259701760.00
sh000959,2015-07-30,5616.5800,5639.2200,5479.2200,5484.1200,9812613600,148080951296.00
sh000959,2015-07-31,5460.5200,5558.7000,5429.4500,5526.6900,8858092800,129558380544.00
sh000959,2015-08-03,5480.4000,5642.8500,5458.9400,5642.7600,10415397600,142873231360.00
sh000959,2015-08-04,5626.8400,5724.4500,5576.3100,5721.0600,8103016800,119779057664.00
sh000959,2015-08-05,5702.7900,5719.1800,5613.8500,5616.0200,7016287200,107925692416.00
sh000959,2015-08-06,5548.3300,5651.7900,5539.6000,5574.2100,5397824800,78700380160.00
sh000959,2015-08-07,5617.0400,5677.2200,5594.6700,5639.2300,6325940000,94763139072.00
sh000959,2015-08-10,5674.5500,5865.6800,5652.5900,5849.3400,12513595200,179568852992.00
sh000959,2015-08-11,5823.5000,5850.4200,5756.6100,5792.4900,10771806400,157307748352.00
sh000959,2015-08-12,5730.1700,5792.8500,5716.2100,5717.5600,8426848800,126458789888.00
sh000959,2015-08-13,5723.6600,5761.2100,5644.1500,5744.6400,8352222400,117161713664.00
sh000959,2015-08-14,5758.1900,5769.8600,5713.2500,5731.9400,8890100800,128874610688.00
sh000959,2015-08-17,5701.4400,5701.4400,5614.9900,5677.9900,8828437600,122334896128.00
sh000959,2015-08-18,5682.3900,5721.2900,5377.7300,5388.3700,12048294400,174654783488.00
sh000959,2015-08-19,5347.6900,5449.9700,5246.4700,5449.5300,10224077600,137891790848.00
sh000959,2015-08-20,5406.9700,5430.3600,5309.9200,5310.8100,7192530400,100478246912.00
sh000959,2015-08-21,5267.8200,5308.8700,5111.1300,5123.6400,8666611200,113532633088.00
sh000959,2015-08-24,4972.7600,4977.6800,4641.2300,4666.6100,12768914400,145583177728.00
sh000959,2015-08-25,4444.5900,4653.4300,4319.5900,4381.9900,13913132800,151458578432.00
sh000959,2015-08-26,4429.2900,4646.9700,4338.4000,4497.9200,14348785600,154206863360.00
sh000959,2015-08-27,4592.9300,4805.3400,4506.3700,4803.9800,13020644000,145128194048.00
sh000959,2015-08-28,4849.7300,4943.9700,4790.8000,4919.6200,13095493600,154740457472.00
sh000959,2015-08-31,4862.0300,5032.9100,4736.7800,5026.8500,13142140800,155134918656.00
sh000959,2015-09-01,4916.2600,5132.4600,4823.9600,5117.4200,17593451200,191695699968.00
sh000959,2015-09-02,4936.7500,5189.7900,4924.5300,5179.4900,18260958400,192630767616.00
sh000959,2015-09-07,5102.2800,5148.0800,4888.9900,4904.2200,9338378400,106545135616.00
sh000959,2015-09-08,4872.2500,5013.0600,4816.8200,4996.3400,6795796000,80418856960.00
sh000959,2015-09-09,5004.2100,5076.1000,4987.7600,5055.6700,8571181600,113327480832.00
sh000959,2015-09-10,5000.7500,5065.4500,4983.4800,5048.7500,5621480800,71975337984.00
sh000959,2015-09-11,5030.9800,5066.0400,4992.5400,5018.9600,4154956800,55200989184.00
sh000959,2015-09-14,5037.3400,5090.4200,4885.8500,5088.4700,9341066400,114043346944.00
sh000959,2015-09-15,4996.7200,5017.8300,4922.4900,4990.4600,6005848800,69221662720.00
sh000959,2015-09-16,4964.8000,5195.3100,4923.8200,5115.2000,6164065200,74680410112.00
sh000959,2015-09-17,5074.6200,5133.8000,5007.9600,5009.1600,6133158400,79390056448.00
sh000959,2015-09-18,5021.9000,5062.3500,4998.8700,5008.6800,3956101600,50819792896.00
sh000959,2015-09-21,4978.0000,5034.8800,4962.4700,5026.5300,4226806800,56920854528.00
sh000959,2015-09-22,5029.1000,5112.6100,5016.1600,5071.8600,5242830400,71828398080.00
sh000959,2015-09-23,5015.2800,5036.5900,4945.0500,4951.6900,4134565600,53661937664.00
sh000959,2015-09-24,4975.3500,4989.7900,4932.8100,4964.3800,3833666400,51372998656.00
sh000959,2015-09-25,4947.7200,4963.2400,4883.4000,4953.6600,4306589600,53764075520.00
sh000959,2015-09-28,4925.3900,4939.2900,4887.6300,4928.6100,2667459400,34329116672.00
sh000959,2015-09-29,4870.4100,4883.0100,4816.8200,4843.2600,3307748400,40921210880.00
sh000959,2015-09-30,4865.6600,4917.4600,4858.5500,4892.0500,3426334000,45853462528.00
sh000959,2015-10-08,5061.7900,5065.5000,4981.8200,4983.8400,5415737200,75116855296.00
sh000959,2015-10-09,5005.8900,5044.2600,4991.4100,5031.8400,4420956800,58085838848.00
sh000959,2015-10-12,5043.3300,5200.1800,5035.2100,5153.6400,8450248800,113120067584.00
sh000959,2015-10-13,5126.9600,5141.9700,5101.9200,5123.2700,4865114000,66579578880.00
sh000959,2015-10-14,5096.9400,5133.9500,5074.5400,5076.5300,5008762400,67921801216.00
sh000959,2015-10-15,5079.6800,5158.9700,5071.4000,5158.7900,5765449600,80410542080.00
sh000959,2015-10-16,5178.9000,5216.3800,5162.6600,5201.7100,7581517600,105691856896.00
sh000959,2015-10-19,5212.4900,5238.5400,5162.2800,5189.4500,7406909600,105366740992.00
sh000959,2015-10-20,5180.1800,5219.3900,5155.7300,5218.6100,6005815200,85564080128.00
sh000959,2015-10-21,5219.7100,5290.9800,5102.6100,5233.4400,10847461600,137373048832.00
sh000959,2015-10-22,5169.1500,5213.9500,5153.7500,5206.7000,6546232000,88375328768.00
sh000959,2015-10-23,5207.6100,5252.8200,5194.3300,5241.6100,6541228800,96428113920.00
sh000959,2015-10-26,5289.5500,5307.4000,5239.5400,5259.8200,7449439200,113457201152.00
sh000959,2015-10-27,5242.3500,5245.6400,5159.6900,5240.4300,5395037600,82757181440.00
sh000959,2015-10-28,5220.2500,5233.7100,5173.4100,5178.5200,4903886800,75691925504.00
sh000959,2015-10-29,5186.5800,5205.9300,5164.2300,5178.6600,3854745600,59398848512.00
sh000959,2015-10-30,5179.3300,5228.3300,5165.0500,5186.8600,5265430400,78340841472.00
sh000959,2015-11-02,5147.3700,5189.6600,5129.4800,5129.9600,4513791200,66431021056.00
sh000959,2015-11-03,5136.3200,5158.7000,5099.5700,5110.4200,3806164000,54052945920.00
sh000959,2015-11-04,5119.6900,5311.1100,5119.6900,5305.4900,8893282400,130301894656.00
sh000959,2015-11-05,5296.4000,5564.5200,5290.9900,5445.8700,19050670400,274672500736.00
sh000959,2015-11-06,5436.0400,5555.1900,5426.4700,5543.5000,14353073600,213471592448.00
sh000959,2015-11-09,5565.9800,5775.2000,5565.9800,5652.5200,17560689600,254047715328.00
sh000959,2015-11-10,5591.1600,5681.2700,5572.2800,5613.9500,12546208000,189532110848.00
sh000959,2015-11-11,5604.9800,5606.7800,5511.4100,5570.9400,9757318400,148231061504.00
sh000959,2015-11-12,5586.0100,5587.2900,5480.1200,5503.4800,8798184000,141178912768.00
sh000959,2015-11-13,5457.7400,5515.7500,5443.2800,5451.6200,8527999200,130927534080.00
sh000959,2015-11-16,5375.9200,5455.0900,5370.3900,5455.0900,6974811200,111261564928.00
sh000959,2015-11-17,5484.4700,5586.7800,5458.1500,5467.4000,11192342400,181608005632.00
sh000959,2015-11-18,5474.9400,5529.0000,5429.0100,5457.0400,8555796000,129140121600.00
sh000959,2015-11-19,5464.0100,5512.6500,5444.1700,5512.4100,6137517600,93880729600.00
sh000959,2015-11-20,5512.0700,5544.2600,5494.4900,5512.1100,6879798400,104797396992.00
sh000959,2015-11-23,5511.1200,5549.5200,5481.8900,5492.6600,6502139200,101718933504.00
sh000959,2015-11-24,5479.1900,5485.0200,5418.9400,5473.8400,6021883600,91581521920.00
sh000959,2015-11-25,5456.6800,5498.1000,5434.8800,5497.3800,6093122800,99165929472.00
sh000959,2015-11-26,5511.8000,5532.8300,5472.8100,5474.4200,6482495200,105295200256.00
sh000959,2015-11-27,5447.8600,5447.8600,5210.7100,5241.6800,8387499200,124679086080.00
sh000959,2015-11-30,5237.9900,5304.6300,5167.4700,5282.1500,7304411200,104313413632.00
sh000959,2015-12-01,5274.8300,5373.3200,5229.3000,5331.8400,6120963200,85791162368.00
sh000959,2015-12-02,5324.8200,5629.0200,5316.6200,5617.7900,11572840800,157208870912.00
sh000959,2015-12-03,5586.4700,5677.2300,5537.7900,5634.2300,10177249600,135073710080.00
sh000959,2015-12-04,5582.1500,5588.2900,5498.9200,5500.2600,6684525200,99524714496.00
sh000959,2015-12-07,5500.3100,5514.2300,5450.8000,5493.3100,4628572400,70765854720.00
sh000959,2015-12-08,5462.7700,5472.9800,5400.1600,5427.6400,4962389600,70973816832.00
sh000959,2015-12-09,5414.4900,5489.4100,5412.5400,5471.2200,4490605200,66922450944.00
sh000959,2015-12-10,5468.9500,5556.6500,5437.6000,5443.7900,5236922400,80220856320.00
sh000959,2015-12-11,5416.1000,5440.8100,5370.2900,5413.9900,4674386400,67973038080.00
sh000959,2015-12-14,5364.1100,5561.2100,5357.6900,5552.9000,7254924800,111807397888.00
sh000959,2015-12-15,5538.9200,5555.0900,5484.6700,5506.6400,5753490400,96529580032.00
sh000959,2015-12-16,5515.8700,5528.3100,5468.1900,5478.9300,4582620800,75783200768.00
sh000959,2015-12-17,5509.9900,5607.2600,5508.1100,5575.7500,7195012000,118061375488.00
sh000959,2015-12-18,5574.5900,5731.7600,5571.1600,5631.0100,7856064800,117109563392.00
sh000959,2015-12-21,5616.4200,5862.4900,5614.5100,5833.6600,10081048000,154687389696.00
sh000959,2015-12-22,5834.1600,5860.8600,5784.4200,5829.9100,8310937600,126916067328.00
sh000959,2015-12-23,5833.1000,5940.8300,5824.1400,5844.1700,10344042400,169893593088.00
sh000959,2015-12-24,5835.8400,5846.0300,5727.1000,5789.8000,7046106400,111925747712.00
sh000959,2015-12-25,5796.2500,5823.4800,5775.4000,5813.0700,4362968400,72348033024.00
sh000959,2015-12-28,5827.0800,5834.7000,5634.9000,5635.1500,6602015200,102881468416.00
sh000959,2015-12-29,5631.7500,5705.3600,5620.5900,5696.3000,4137727200,64940072960.00
sh000959,2015-12-30,5691.5200,5698.9600,5625.4500,5696.8700,4121101200,68210421760.00
sh000959,2015-12-31,5686.6100,5704.4000,5640.3100,5663.2200,4241970000,66230579200.00
sh000959,2016-01-04,5647.6400,5647.9900,5331.6500,5333.5800,4556698400,67755024384.00
sh000959,2016-01-05,5251.2700,5422.4700,5238.2500,5374.0700,6412420400,92313059328.00
sh000959,2016-01-06,5371.1700,5447.8800,5351.3500,5441.2800,4788457600,69024333824.00
sh000959,2016-01-07,5364.7600,5367.3000,5130.8700,5146.8300,1537788300,20938074112.00
sh000959,2016-01-08,5248.6500,5317.4800,5100.2800,5239.2700,7036576800,95431196672.00
sh000959,2016-01-11,5160.2400,5211.3500,5034.9800,5035.2200,6827032000,86602031104.00
sh000959,2016-01-12,5074.3000,5106.9900,5029.6000,5066.6100,5235130400,68783046656.00
sh000959,2016-01-13,5110.8800,5121.4100,5007.5100,5011.0500,4616127600,61860585472.00
sh000959,2016-01-14,4904.7800,5082.9600,4897.2300,5073.2000,5238974400,70110543872.00
sh000959,2016-01-15,5047.1400,5069.9600,4916.9200,4942.7100,4688499200,61771284480.00
sh000959,2016-01-18,4875.3300,4992.9100,4871.7900,4938.7300,3828997200,51062771712.00
sh000959,2016-01-19,4949.7300,5086.9300,4923.2700,5074.3800,5178534400,70393176064.00
sh000959,2016-01-20,5047.1600,5065.7800,4959.0500,4990.7800,5319278000,68763435008.00
sh000959,2016-01-21,4946.0000,5032.6800,4876.6100,4877.3800,4287881600,56340213760.00
sh000959,2016-01-22,4927.4000,4953.3700,4850.9000,4924.4600,3374308000,43968712704.00
sh000959,2016-01-25,4937.9600,4955.4000,4900.7000,4935.9800,2933442800,37322067968.00
sh000959,2016-01-26,4897.7100,4909.1400,4689.2700,4700.5900,4941897600,60196540416.00
sh000959,2016-01-27,4723.4800,4743.6000,4602.2400,4699.2200,5349384400,62365843456.00
sh000959,2016-01-28,4680.1200,4716.6800,4593.9400,4618.6300,3938016000,45817257984.00
sh000959,2016-01-29,4622.8800,4777.1300,4621.8400,4747.4800,4840384000,57355816960.00
sh000959,2016-02-01,4737.3200,4745.6700,4634.2600,4674.1700,3461922000,40921280512.00
sh000959,2016-02-02,4667.7900,4760.7800,4667.7900,4741.5700,3612168400,43605417984.00
sh000959,2016-02-03,4700.5100,4710.8600,4657.7500,4703.9000,3093984200,36394409984.00
sh000959,2016-02-04,4724.7000,4771.4700,4719.0600,4751.2200,3629403200,43984633856.00
sh000959,2016-02-05,4747.4500,4760.8500,4727.4500,4736.4900,3208568400,37505372160.00
sh000959,2016-02-15,4632.4100,4723.5300,4628.1900,4700.5100,3031060000,33995366400.00
sh000959,2016-02-16,4722.0200,4821.3300,4719.9600,4812.6300,4436256400,51998228480.00
sh000959,2016-02-17,4807.5600,4851.2400,4798.4600,4845.2000,4540748800,51756171264.00
sh000959,2016-02-18,4862.8200,4881.0700,4823.3000,4827.9000,4489980400,53880258560.00
sh000959,2016-02-19,4818.7800,4834.5000,4790.7400,4809.3400,3198150000,38239223808.00
sh000959,2016-02-22,4855.6800,4929.0000,4837.0000,4907.5100,5122525600,63351934976.00
sh000959,2016-02-23,4904.5900,4904.5900,4826.5400,4858.3200,3949747200,48264376320.00
sh000959,2016-02-24,4840.9100,4884.2200,4817.4600,4883.2900,3910442400,46008041472.00
sh000959,2016-02-25,4879.0200,4879.0200,4639.9100,4658.6600,5832406800,64433647616.00
sh000959,2016-02-26,4689.6500,4726.5800,4655.3200,4704.7500,3767784400,41321848832.00
sh000959,2016-02-29,4697.3400,4700.1800,4566.2900,4671.7400,4941734800,54102896640.00
sh000959,2016-03-01,4673.8800,4759.3000,4646.5300,4732.0500,4313638400,49345851392.00
sh000959,2016-03-02,4746.0800,4895.3500,4742.0100,4891.5600,6691337600,76032729088.00
sh000959,2016-03-03,4891.1900,4922.0700,4866.3600,4910.0200,6274702800,72103845888.00
sh000959,2016-03-04,4893.9200,5058.3400,4880.8600,5043.7100,9521049600,106677321728.00
sh000959,2016-03-07,5045.8900,5065.3300,4995.3300,5015.2000,5012971600,58112778240.00
sh000959,2016-03-08,5004.2900,5035.3100,4868.0900,5029.0700,4913414400,57240924160.00
sh000959,2016-03-09,4945.2400,5026.9700,4905.6100,5025.2800,4383030400,50683437056.00
sh000959,2016-03-10,4981.1800,5007.4300,4924.4300,4925.7700,2921829200,35956150272.00
sh000959,2016-03-11,4889.5400,4936.3200,4873.8100,4935.4400,3167487000,37688954880.00
sh000959,2016-03-14,4955.5500,5038.3700,4941.2200,4958.2700,5054724400,62942453760.00
sh000959,2016-03-15,4959.2100,5007.4300,4912.7200,5000.7700,4131806000,49518276608.00
sh000959,2016-03-16,4975.8200,5089.3600,4969.6700,5076.7300,6434625600,74313621504.00
sh000959,2016-03-17,5076.8600,5119.7600,5027.4400,5063.7400,5353188800,69554954240.00
sh000959,2016-03-18,5081.5100,5136.6600,5065.2000,5089.1800,8419153600,106475765760.00
sh000959,2016-03-21,5119.9300,5225.6800,5114.4500,5181.4600,10939703200,146604425216.00
sh000959,2016-03-22,5164.8700,5193.8700,5131.5100,5143.3500,6951755200,97708769280.00
sh000959,2016-03-23,5137.5500,5168.0700,5117.6600,5145.3200,5304863600,76483239936.00
sh000959,2016-03-24,5119.3300,5119.3300,5071.9400,5072.9900,5122291600,75048353792.00
sh000959,2016-03-25,5072.2500,5110.5900,5071.8900,5095.5000,3558295200,54301671424.00
sh000959,2016-03-28,5103.7000,5133.4000,5029.6000,5041.4400,3968483200,56354574336.00
sh000959,2016-03-29,5050.0200,5063.3600,4991.9400,5005.7900,3872212400,53785567232.00
sh000959,2016-03-30,5039.1100,5120.1500,5038.5300,5115.5600,4781492000,67261980672.00
sh000959,2016-03-31,5135.0300,5140.5200,5101.2100,5111.9800,4677929200,66653200384.00
sh000959,2016-04-01,5113.1100,5137.1400,5042.2400,5135.6100,4256416400,56124350464.00
sh000959,2016-04-05,5103.6700,5173.7100,5094.9200,5162.3800,5324396000,70155452416.00
sh000959,2016-04-06,5136.0700,5156.8600,5114.6000,5137.4000,3887133200,55381721088.00
sh000959,2016-04-07,5151.6300,5156.9400,5076.7200,5078.5400,3879374400,55790641152.00
sh000959,2016-04-08,5050.2600,5069.2000,5029.8000,5051.2700,3652846400,50321350656.00
sh000959,2016-04-11,5078.4700,5136.7100,5078.4700,5101.2200,4500177200,63538778112.00
sh000959,2016-04-12,5101.1000,5104.1600,5070.8800,5089.4500,2990095200,38894039040.00
sh000959,2016-04-13,5115.2000,5196.8600,5115.2000,5143.6200,6845246400,88707432448.00
sh000959,2016-04-14,5171.1400,5185.8300,5136.7900,5160.5000,3869360800,48714878976.00
sh000959,2016-04-15,5170.9900,5188.8600,5150.8700,5171.0800,3416615600,45067218944.00
sh000959,2016-04-18,5140.3500,5145.5600,5118.2600,5122.6000,3632120800,46779359232.00
sh000959,2016-04-19,5146.1200,5153.1300,5115.7400,5135.3500,2879788800,37206884352.00
sh000959,2016-04-20,5139.6500,5146.4200,4985.5800,5108.5500,6550319200,79510601728.00
sh000959,2016-04-21,5074.0200,5140.6900,5058.3300,5093.5300,3677179600,49601937408.00
sh000959,2016-04-22,5071.3000,5127.7900,5066.0800,5120.0200,2880656800,38803722240.00
sh000959,2016-04-25,5102.5100,5120.5600,5064.1000,5106.5800,2476923600,33817628672.00
sh000959,2016-04-26,5102.9900,5137.7400,5091.5900,5125.1200,2315032600,31331975168.00
sh000959,2016-04-27,5128.2600,5134.8600,5103.1700,5107.4800,2351362400,32612691968.00
sh000959,2016-04-28,5116.5200,5129.3500,5080.0400,5104.6000,2724047200,35973148672.00
sh000959,2016-04-29,5095.2300,5119.8100,5091.4800,5096.3400,2478436600,34464124928.00
sh000959,2016-05-03,5099.2400,5173.8200,5088.5200,5157.1100,4188103200,57839198208.00
sh000959,2016-05-04,5143.3600,5163.0400,5133.1100,5147.8000,3635111600,44813058048.00
sh000959,2016-05-05,5140.9000,5151.8300,5129.1300,5145.6000,3097704000,37814571008.00
sh000959,2016-05-06,5142.7300,5143.5200,5043.0500,5043.4300,4394991200,55292567552.00
sh000959,2016-05-09,5031.2100,5031.2100,4961.4500,4978.0400,3825088400,46050648064.00
sh000959,2016-05-10,4957.5900,5008.5800,4957.5700,4981.4800,2816690400,34269519872.00
sh000959,2016-05-11,4994.6600,5034.5700,4980.8700,5010.1500,3580375200,40354529280.00
sh000959,2016-05-12,4982.9300,5036.1600,4957.1600,5022.4600,3278495200,38086000640.00
sh000959,2016-05-13,5010.1300,5034.9800,4993.1700,5003.3700,2552690200,30435815424.00
sh000959,2016-05-16,4988.1600,5019.1100,4977.2300,5018.4900,2260557600,28025251840.00
sh000959,2016-05-17,5016.0300,5017.2000,4984.5300,4995.9300,2467092800,31419457536.00
sh000959,2016-05-18,4981.3300,5009.3500,4945.2100,5002.8200,3440192000,42784579584.00
sh000959,2016-05-19,4987.7800,5013.2700,4980.5300,4985.1900,2216663200,28825110528.00
sh000959,2016-05-20,4972.4400,5004.5200,4965.8700,5003.5600,2189562400,27581816832.00
sh000959,2016-05-23,5004.0400,5027.6700,4993.4500,5001.6100,2424740800,31679365120.00
sh000959,2016-05-24,4999.5300,4999.5800,4960.0700,4969.8100,2121359800,25513549824.00
sh000959,2016-05-25,4996.8400,5003.3200,4969.3100,4977.1000,2134607200,26865940480.00
sh000959,2016-05-26,4973.0100,4998.8700,4952.3200,4981.3700,2261285000,28223006720.00
sh000959,2016-05-27,4977.7000,4991.9000,4968.1600,4981.4900,1796926800,21910622208.00
sh000959,2016-05-30,4984.0800,5010.3800,4958.0100,5006.6900,2310907600,27581544448.00
sh000959,2016-05-31,5007.4500,5139.0700,5007.4500,5134.3900,5972598000,77824491520.00
sh000959,2016-06-01,5141.9400,5147.8300,5107.0600,5107.9400,4366475200,59767603200.00
sh000959,2016-06-02,5106.1300,5120.1500,5093.7900,5107.6600,3110284000,41917014016.00
sh000959,2016-06-03,5125.7200,5152.9100,5105.7600,5142.4700,4254830800,71515971584.00
sh000959,2016-06-06,5137.6500,5143.8200,5103.2700,5116.4000,3205412200,48527388672.00
sh000959,2016-06-07,5126.2200,5128.2000,5103.6900,5114.0200,2703373600,39525937152.00
sh000959,2016-06-08,5110.8100,5110.9000,5080.0100,5097.1300,2934659000,42675507200.00
sh000959,2016-06-13,5054.4700,5072.3300,4985.0100,4987.2200,3718724800,53309345792.00
sh000959,2016-06-14,4978.8600,5016.5900,4975.6200,5008.6800,2703850800,37304930304.00
sh000959,2016-06-15,4960.8800,5057.0500,4960.4300,5041.6400,3613633200,51570024448.00
sh000959,2016-06-16,5011.2100,5027.5500,5000.5200,5007.5600,3481777200,43160248320.00
sh000959,2016-06-17,5009.1000,5057.9600,5008.9000,5028.9600,3345723200,43762720768.00
sh000959,2016-06-20,5043.0200,5048.9900,5011.0000,5040.0100,2365688600,33555824640.00
sh000959,2016-06-21,5051.7600,5094.3800,5029.0600,5038.8200,3824555200,52078489600.00
sh000959,2016-06-22,5030.1900,5068.4900,5024.5700,5066.5500,2864674800,40519303168.00
sh000959,2016-06-23,5061.3300,5061.3300,5023.7300,5037.1200,2573414600,37460729856.00
sh000959,2016-06-24,5027.9600,5056.2200,4924.5400,4978.0700,4513738400,55424786432.00
sh000959,2016-06-27,4964.1100,5020.5000,4963.2600,5020.5000,3409180800,47057915904.00
sh000959,2016-06-28,5003.1200,5034.1000,4988.1800,5030.7800,3903806800,55350444032.00
sh000959,2016-06-29,5035.9200,5079.3100,5030.7600,5076.8400,4169932800,53251940352.00
sh000959,2016-06-30,5081.9900,5095.6600,5072.9200,5079.8200,3375957600,48564293632.00
sh000959,2016-07-01,5084.9200,5103.9600,5080.3400,5088.8400,3001482200,40869990400.00
sh000959,2016-07-04,5064.3600,5167.7500,5062.6700,5153.0000,5311868000,69675606016.00
sh000959,2016-07-05,5136.5900,5153.6100,5130.4300,5146.9100,4591818000,59958546432.00
sh000959,2016-07-06,5130.2800,5149.7500,5104.2300,5145.3000,5500572800,72221417472.00
sh000959,2016-07-07,5120.7700,5132.0100,5095.5800,5121.0600,4230424000,62071021568.00
sh000959,2016-07-08,5089.2200,5090.8600,5063.1900,5069.7900,3404765600,51153485824.00
sh000959,2016-07-11,5075.7600,5127.3300,5073.4900,5086.1900,5165079200,66419204096.00
sh000959,2016-07-12,5087.0700,5202.4800,5086.0000,5199.5100,6873732800,91790778368.00
sh000959,2016-07-13,5193.7400,5250.2800,5189.4400,5202.7100,6776957600,90133151744.00
sh000959,2016-07-14,5196.4400,5203.7700,5164.0800,5187.3500,3791914400,52299014144.00
sh000959,2016-07-15,5190.6800,5210.2300,5180.6500,5196.7800,3693504400,54568697856.00
sh000959,2016-07-18,5188.5300,5229.8500,5177.9200,5189.3300,4540360400,60231794688.00
sh000959,2016-07-19,5190.0400,5199.9500,5124.5000,5150.5100,3528048000,48623935488.00
sh000959,2016-07-20,5145.1600,5153.9000,5120.9300,5131.1800,2711204400,38984323072.00
sh000959,2016-07-21,5133.4300,5179.5800,5133.4300,5158.1300,3270564800,46676004864.00
sh000959,2016-07-22,5155.7700,5157.5100,5100.5800,5108.4200,3244632000,44188966912.00
sh000959,2016-07-25,5101.1200,5131.6600,5097.6600,5115.0100,2854408400,39104724992.00
sh000959,2016-07-26,5108.6200,5176.7500,5107.1700,5175.7900,3279320000,45804326912.00
sh000959,2016-07-27,5176.0700,5189.2900,5053.7800,5155.7700,6066827200,79640903680.00
sh000959,2016-07-28,5128.6300,5181.5400,5116.2700,5156.7200,4431940800,60169326592.00
sh000959,2016-07-29,5152.8500,5169.5900,5132.5400,5140.5100,3387266400,45224112128.00
sh000959,2016-08-01,5134.1800,5144.7000,5099.2800,5131.0800,3509448800,44601352192.00
sh000959,2016-08-02,5123.7800,5136.1100,5106.0800,5134.1200,2324692000,30995623936.00
sh000959,2016-08-03,5114.3400,5143.8300,5106.5400,5135.3900,2729545200,33449582592.00
sh000959,2016-08-04,5133.6500,5141.9600,5095.5300,5141.9300,2999165600,39785242624.00
sh000959,2016-08-05,5142.8500,5193.7100,5130.6600,5162.9300,3318269600,45538971648.00
sh000959,2016-08-08,5157.1300,5196.5900,5139.2500,5196.4400,3217785600,45091368960.00
sh000959,2016-08-09,5197.7000,5239.2200,5190.5200,5236.2200,3580892800,46768873472.00
sh000959,2016-08-10,5233.0400,5240.3400,5210.8300,5213.2900,3161266800,42623037440.00
sh000959,2016-08-11,5208.5100,5288.9300,5207.8300,5223.3300,4281240800,56926900224.00
sh000959,2016-08-12,5225.8000,5346.3000,5221.6600,5345.8000,5354287200,69471027200.00
sh000959,2016-08-15,5363.4200,5549.1300,5363.0700,5504.6200,10464288800,143564161024.00
sh000959,2016-08-16,5529.7400,5557.8600,5446.8000,5456.4200,8964156800,116161544192.00
sh000959,2016-08-17,5457.4600,5485.8000,5418.2100,5445.1400,5846589600,81749180416.00
sh000959,2016-08-18,5443.4500,5486.8500,5390.8600,5418.1600,5793972800,82510331904.00
sh000959,2016-08-19,5410.4200,5443.6200,5380.5000,5427.5800,5097892000,63296512000.00
sh000959,2016-08-22,5427.0700,5440.0700,5393.1000,5395.7600,4739769200,60302155776.00
sh000959,2016-08-23,5390.6400,5441.5000,5385.0400,5408.5600,3688248000,50340028416.00
sh000959,2016-08-24,5409.0400,5413.4100,5372.6200,5382.8300,3190323400,44172095488.00
sh000959,2016-08-25,5362.3300,5362.3300,5305.1300,5348.9900,4233370400,53511294976.00
sh000959,2016-08-26,5352.2500,5369.2600,5329.3800,5336.1900,3036027200,40847429632.00
sh000959,2016-08-29,5330.9600,5340.6800,5304.3100,5328.0200,2994566400,40113168384.00
sh000959,2016-08-30,5332.2100,5361.6000,5329.4100,5347.5900,3281500000,42994049024.00
sh000959,2016-08-31,5344.2000,5387.6500,5336.3300,5376.9700,3321580200,48004685824.00
sh000959,2016-09-01,5372.5100,5378.8300,5334.5100,5336.5500,3264339600,45164150784.00
sh000959,2016-09-02,5327.0100,5365.6700,5326.7300,5362.6000,3595278800,48159657984.00
sh000959,2016-09-05,5362.2300,5385.7200,5347.5400,5357.0700,3169622400,40169177088.00
sh000959,2016-09-06,5352.6000,5384.4400,5324.6800,5364.5700,3729758800,49039237120.00
sh000959,2016-09-07,5368.3700,5398.5800,5361.4100,5378.0000,3617200800,47342424064.00
sh000959,2016-09-08,5373.5100,5385.0300,5363.3700,5377.3800,2584729400,35125747712.00
sh000959,2016-09-09,5376.2200,5383.9100,5346.4400,5348.4200,2953604800,40236707840.00
sh000959,2016-09-12,5281.8000,5286.7000,5218.1200,5277.9000,5102991200,64587825152.00
sh000959,2016-09-13,5272.7400,5276.9200,5245.6800,5265.0600,2484577200,32522694656.00
sh000959,2016-09-14,5241.4600,5253.4800,5212.2700,5223.3700,2529864800,33188866048.00
sh000959,2016-09-19,5227.2200,5260.5400,5227.2200,5257.6300,2115834800,29167575040.00
sh000959,2016-09-20,5258.7600,5260.1700,5241.6600,5249.2600,1784089200,24758810624.00
sh000959,2016-09-21,5247.8500,5265.7300,5240.3700,5260.5100,2238832400,32398198784.00
sh000959,2016-09-22,5281.4900,5328.5300,5275.3200,5312.2400,2881382200,42504351744.00
sh000959,2016-09-23,5313.1500,5314.8700,5288.0700,5290.3700,2017319400,28841578496.00
sh000959,2016-09-26,5275.4500,5275.4500,5216.1800,5217.5000,2575795600,34326544384.00
sh000959,2016-09-27,5208.3200,5245.3400,5205.9600,5245.1500,2132116600,28898371584.00
sh000959,2016-09-28,5246.4200,5248.1700,5223.1700,5227.5800,1742487200,23334961152.00
sh000959,2016-09-29,5237.1900,5270.5100,5236.6800,5253.6200,2458552400,30736357376.00
sh000959,2016-09-30,5245.7100,5276.0500,5243.9100,5263.0600,1833376000,25043142656.00
sh000959,2016-10-10,5277.4800,5316.5700,5268.1200,5313.3600,3186848800,41119608832.00
sh000959,2016-10-11,5316.4300,5331.6600,5303.6700,5319.0500,2924932000,38733598720.00
sh000959,2016-10-12,5306.0500,5306.9500,5289.0100,5302.4700,2182316800,28790056960.00
sh000959,2016-10-13,5301.4900,5312.1400,5285.7800,5311.8700,2750769200,33556621312.00
sh000959,2016-10-14,5305.6700,5334.8000,5298.9200,5333.1700,2927855200,35653156864.00
sh000959,2016-10-17,5327.3800,5336.3100,5283.0900,5295.5800,3209651200,39012237312.00
sh000959,2016-10-18,5286.7600,5370.6100,5286.5400,5366.7500,4422180800,51334504448.00
sh000959,2016-10-19,5366.0900,5382.8700,5359.0600,5368.8300,3679812400,42101350400.00
sh000959,2016-10-20,5369.0200,5388.2900,5363.3800,5382.0900,2828412000,33440309248.00
sh000959,2016-10-21,5376.3900,5437.9000,5374.3100,5427.5000,4539637200,51788021760.00
sh000959,2016-10-24,5429.1400,5515.1300,5427.0300,5489.0600,6642688400,77290307584.00
sh000959,2016-10-25,5486.9000,5496.1000,5459.8400,5481.2700,4407277200,51061055488.00
sh000959,2016-10-26,5475.6800,5486.2000,5445.8200,5449.8700,3839868800,48586256384.00
sh000959,2016-10-27,5445.5700,5448.9900,5411.9000,5428.3700,3072264400,38605750272.00
sh000959,2016-10-28,5429.5400,5470.1200,5423.6100,5432.5500,4251336000,55302832128.00
sh000959,2016-10-31,5420.3200,5436.1700,5394.8000,5427.5700,3057614800,39738888192.00
sh000959,2016-11-01,5430.0400,5461.8600,5420.3400,5461.6200,3343605000,42187235328.00
sh000959,2016-11-02,5443.2900,5447.4100,5404.6200,5408.3800,3804552800,47012048896.00
sh000959,2016-11-03,5398.5800,5511.1800,5396.1300,5488.8900,6132068400,75891703808.00
sh000959,2016-11-04,5492.6500,5523.4700,5475.4700,5487.5600,4698614400,58074415104.00
sh000959,2016-11-07,5485.9400,5504.8300,5466.6000,5498.4600,3485212400,43799023616.00
sh000959,2016-11-08,5513.6000,5546.2100,5502.2000,5508.9200,4239788000,51584385024.00
sh000959,2016-11-09,5505.8100,5525.3800,5437.4300,5488.7500,5957771600,73686335488.00
sh000959,2016-11-10,5518.9500,5577.0700,5518.9500,5545.3700,5053624000,62876835840.00
sh000959,2016-11-11,5532.8800,5599.3600,5530.4400,5578.4200,7953132800,95351775232.00
sh000959,2016-11-14,5573.2300,5646.3000,5571.2800,5598.7600,9023439200,108327845888.00
sh000959,2016-11-15,5594.3200,5599.0400,5574.1500,5586.6100,5078155200,62376296448.00
sh000959,2016-11-16,5585.7200,5591.7600,5559.9200,5574.2100,4359907200,55997894656.00
sh000959,2016-11-17,5563.8800,5597.0000,5546.7700,5595.3400,4380067600,53479817216.00
sh000959,2016-11-18,5620.3000,5632.4000,5575.3200,5581.8100,4724964000,57108324352.00
sh000959,2016-11-21,5575.8400,5692.2300,5575.6200,5642.1300,6447884400,76430254080.00
sh000959,2016-11-22,5644.9500,5705.3100,5644.9500,5697.0600,7416025600,84635779072.00
sh000959,2016-11-23,5702.3200,5751.2700,5696.2000,5729.7300,6726449600,80487366656.00
sh000959,2016-11-24,5715.0100,5781.4400,5709.4000,5744.8200,5805670400,75904155648.00
sh000959,2016-11-25,5756.5900,5825.9800,5734.0700,5824.3300,6097120400,73881968640.00
sh000959,2016-11-28,5867.8600,5921.3600,5855.8700,5870.8900,9318336000,111428493312.00
sh000959,2016-11-29,5853.2500,6009.3000,5846.3800,5972.9000,10459521600,136215928832.00
sh000959,2016-11-30,5967.3100,5994.8200,5890.2900,5909.7700,7899244800,104049967104.00
sh000959,2016-12-01,5923.2700,5980.1400,5898.6900,5935.0700,7656661600,96966221824.00
sh000959,2016-12-02,5924.0800,5940.5700,5867.5900,5905.7800,8342304000,99454820352.00
sh000959,2016-12-05,5800.6000,5819.8800,5738.4100,5770.5500,8296800000,98153136128.00
sh000959,2016-12-06,5759.2600,5787.9900,5746.3600,5749.0400,4970422400,61041491968.00
sh000959,2016-12-07,5745.1000,5760.1100,5715.6400,5759.4400,4383550800,52550811648.00
sh000959,2016-12-08,5768.0800,5779.1500,5748.2900,5756.8800,4497797600,55392092160.00
sh000959,2016-12-09,5743.9800,5876.4100,5739.4300,5849.4700,6860657600,78285799424.00
sh000959,2016-12-12,5844.3300,5886.8200,5741.1000,5794.7000,8923180000,103652786176.00
sh000959,2016-12-13,5761.7500,5773.4000,5707.1900,5747.2800,5150156400,57901244416.00
sh000959,2016-12-14,5738.0400,5786.1800,5716.0500,5717.4000,5636913200,62489239552.00
sh000959,2016-12-15,5684.7400,5694.9200,5565.1200,5582.4600,5336944800,61322924032.00
sh000959,2016-12-16,5567.4300,5600.7300,5561.5700,5575.6000,4091230800,48136638464.00
sh000959,2016-12-19,5567.8100,5574.9500,5533.9500,5541.2100,3213974400,38946885632.00
sh000959,2016-12-20,5545.9000,5549.3500,5463.8800,5502.9800,3891020800,44591067136.00
sh000959,2016-12-21,5507.3600,5560.8000,5507.3600,5544.2700,4680250400,50233196544.00
sh000959,2016-12-22,5534.7300,5547.9900,5507.0300,5535.2200,3453508000,38208565248.00
sh000959,2016-12-23,5531.8300,5537.1400,5492.5700,5509.0800,3999028400,45820104704.00
sh000959,2016-12-26,5482.5000,5545.0800,5448.3600,5542.0100,3716688000,43160731648.00
sh000959,2016-12-27,5535.2600,5554.6600,5523.2600,5524.6000,3065638000,35692929024.00
sh000959,2016-12-28,5523.2300,5530.7300,5480.6100,5501.2200,2861979200,33047574528.00
sh000959,2016-12-29,5491.2400,5511.1100,5473.1500,5496.7700,3177047200,36535685120.00
sh000959,2016-12-30,5503.1800,5520.3700,5487.8800,5517.7300,3256591800,37036044288.00
sh000959,2017-01-03,5519.3400,5580.8700,5519.3400,5571.0600,3342217200,40380715008.00
sh000959,2017-01-04,5566.4500,5610.9200,5560.8100,5603.2400,3458128800,46231900160.00
sh000959,2017-01-05,5604.1000,5613.6300,5593.6500,5609.6300,3212884800,39735881728.00
sh000959,2017-01-06,5609.2700,5619.3200,5571.8700,5574.2400,3216102800,39963160576.00
sh000959,2017-01-09,5577.1600,5600.3400,5570.1600,5590.2900,3079493600,37846347776.00
sh000959,2017-01-10,5583.6400,5597.1400,5571.1600,5577.8100,2951656200,34663948288.00
sh000959,2017-01-11,5576.7600,5586.4800,5534.2000,5535.8600,3293588200,36972724224.00
sh000959,2017-01-12,5534.3400,5556.5900,5517.5100,5521.5300,2684359200,31146911744.00
sh000959,2017-01-13,5519.6000,5571.1000,5518.3100,5556.3700,3409904000,39680569344.00
sh000959,2017-01-16,5546.3200,5628.1700,5509.6100,5616.0700,7149704000,80216997888.00
sh000959,2017-01-17,5590.3900,5608.1900,5579.7300,5601.1400,2689508200,36406165504.00
sh000959,2017-01-18,5602.3400,5652.4400,5598.5800,5637.9000,2714679600,36784377856.00
sh000959,2017-01-19,5621.7100,5655.0700,5605.0100,5615.5400,2599494400,29218850816.00
sh000959,2017-01-20,5612.7500,5653.5700,5610.3100,5644.5800,2433251000,33782315008.00
sh000959,2017-01-23,5653.3200,5669.7400,5627.7700,5642.4200,2468280200,33095913472.00
sh000959,2017-01-24,5644.3300,5685.1700,5641.2000,5674.0000,2689781200,31958790144.00
sh000959,2017-01-25,5667.5000,5695.9900,5657.3300,5694.7200,2369017200,29966364672.00
sh000959,2017-01-26,5697.1300,5733.2400,5697.1300,5712.6100,2470226000,30961287168.00
sh000959,2017-02-03,5718.5900,5721.8700,5649.3300,5653.2500,1836483600,25736521728.00
sh000959,2017-02-06,5668.6700,5683.0000,5645.6500,5661.1300,2579890600,34066255872.00
sh000959,2017-02-07,5658.8300,5668.8900,5630.6600,5643.9000,2319926600,31233941504.00
sh000959,2017-02-08,5635.8400,5660.3500,5610.1300,5658.9600,3043611800,38462410752.00
sh000959,2017-02-09,5656.9100,5701.5500,5651.4400,5678.2100,3915476000,48685342720.00
sh000959,2017-02-10,5686.3100,5727.2500,5684.3000,5715.6700,4711127600,56521039872.00
sh000959,2017-02-13,5720.3700,5758.3900,5718.5700,5748.9400,4541406400,59962339328.00
sh000959,2017-02-14,5752.4800,5754.0900,5721.3700,5735.6900,3212131400,43386949632.00
sh000959,2017-02-15,5742.6500,5779.6400,5735.6600,5747.5900,4900357600,56281161728.00
sh000959,2017-02-16,5752.2600,5766.6700,5733.7000,5760.1800,3791153200,43727904768.00
sh000959,2017-02-17,5763.2100,5780.1400,5714.5100,5718.7300,4265930000,53850480640.00
sh000959,2017-02-20,5718.2100,5817.4800,5718.1100,5810.9100,5884386800,68125888512.00
sh000959,2017-02-21,5817.3200,5850.6200,5809.7800,5817.7500,4602151200,58306306048.00
sh000959,2017-02-22,5817.6900,5827.5400,5799.9700,5826.8300,3393400400,45909561344.00
sh000959,2017-02-23,5824.2800,5838.3400,5783.4700,5803.6600,3302316000,44150218752.00
sh000959,2017-02-24,5797.6400,5805.5700,5773.1700,5804.1400,3313686400,41499656192.00
sh000959,2017-02-27,5792.4000,5797.5400,5746.5300,5758.0000,3359978400,45270749184.00
sh000959,2017-02-28,5758.3400,5785.2800,5754.1000,5765.6800,2562244800,33554257920.00
sh000959,2017-03-01,5767.3400,5799.8200,5759.9800,5767.9700,3756309600,46327054336.00
sh000959,2017-03-02,5779.7700,5785.1400,5721.4800,5722.4300,3235572600,44149403648.00
sh000959,2017-03-03,5709.2500,5713.2000,5686.6600,5705.6700,3037275200,41924521984.00
sh000959,2017-03-06,5702.1900,5733.6500,5697.1900,5715.2900,3259939200,44489121792.00
sh000959,2017-03-07,5716.1300,5730.9700,5707.9300,5729.2200,3278121600,47328411648.00
sh000959,2017-03-08,5723.0600,5751.0100,5717.3000,5738.9300,3432657600,44008144896.00
sh000959,2017-03-09,5725.0600,5727.0100,5679.2300,5701.8400,3532772800,44098277376.00
sh000959,2017-03-10,5694.8200,5706.0100,5686.0500,5695.9900,2790376800,40301084672.00
sh000959,2017-03-13,5690.5300,5731.4600,5669.8600,5730.7700,3743735200,53568311296.00
sh000959,2017-03-14,5728.1400,5750.7200,5724.5700,5736.2700,3017411400,46327603200.00
sh000959,2017-03-15,5728.4600,5743.1300,5714.0100,5741.8500,3215038200,46658818048.00
sh000959,2017-03-16,5756.9500,5787.1300,5754.9600,5764.8100,4673279200,64463142912.00
sh000959,2017-03-17,5772.1300,5775.7000,5698.2900,5709.4200,4597764400,63103660032.00
sh000959,2017-03-20,5716.4500,5724.3400,5677.0900,5707.3200,3747755200,49829687296.00
sh000959,2017-03-21,5707.9000,5724.0200,5700.1700,5722.2800,3789504800,56949673984.00
sh000959,2017-03-22,5701.6400,5714.7500,5661.4400,5682.6400,4420864400,60972855296.00
sh000959,2017-03-23,5685.5500,5724.4400,5677.1200,5709.7000,3664975600,54638497792.00
sh000959,2017-03-24,5716.0600,5782.5000,5709.2000,5761.7800,5330147600,71260889088.00
sh000959,2017-03-27,5755.6000,5800.4600,5748.6900,5757.4800,4687330000,63565651968.00
sh000959,2017-03-28,5765.9300,5767.2100,5730.0900,5738.6100,3363410800,47177555968.00
sh000959,2017-03-29,5743.0100,5755.7500,5719.5700,5729.5700,3947220800,54051819520.00
sh000959,2017-03-30,5724.8800,5736.9400,5683.2500,5708.9800,4370132000,56981438464.00
sh000959,2017-03-31,5704.6900,5752.0800,5697.0100,5747.2800,3824366000,49640382464.00
sh000959,2017-04-05,5774.7200,5804.5300,5761.9000,5801.2500,5385575200,73729417216.00
sh000959,2017-04-06,5805.3300,5832.8000,5784.1100,5823.4000,4974048800,65724149760.00
sh000959,2017-04-07,5820.4700,5831.0800,5795.9200,5817.2000,4480907600,58318508032.00
sh000959,2017-04-10,5816.9500,5821.2500,5785.0100,5789.8000,4341523200,64009179136.00
sh000959,2017-04-11,5782.2900,5803.7700,5722.7500,5793.4200,5307259200,79446851584.00
sh000959,2017-04-12,5783.1400,5794.7100,5724.2300,5776.2300,5041884800,85877972992.00
sh000959,2017-04-13,5754.2800,5765.0400,5744.6600,5752.9600,3340506800,48329900032.00
sh000959,2017-04-14,5751.3300,5753.1900,5692.7500,5717.4400,3468820800,47037317120.00
sh000959,2017-04-17,5704.5100,5729.7200,5671.4800,5725.4700,3787357300,53411954688.00
sh000959,2017-04-18,5714.8100,5719.0200,5681.5100,5681.8600,3719627000,59176714240.00
sh000959,2017-04-19,5669.2900,5676.4500,5619.9000,5648.7000,4091973700,55817670656.00
sh000959,2017-04-20,5646.5800,5672.2400,5641.4600,5667.2700,3910743300,62820347904.00
sh000959,2017-04-21,5670.5600,5713.5900,5664.3100,5707.0200,3931462700,56704163840.00
sh000959,2017-04-24,5695.8400,5695.8400,5638.5300,5676.8800,4336283500,58753662976.00
sh000959,2017-04-25,5668.6300,5693.7200,5658.9300,5683.1900,2993296600,47750111232.00
sh000959,2017-04-26,5685.9400,5722.9300,5679.9800,5687.0700,3931196800,62424289280.00
sh000959,2017-04-27,5667.6700,5699.4700,5636.5000,5697.5900,4421520800,61798141952.00
sh000959,2017-04-28,5690.0030,5691.4950,5643.3190,5683.1820,3383173300,53071650816.00
sh000959,2017-05-02,5665.7300,5689.0700,5650.0200,5659.6800,2860078700,45212803072.00
sh000959,2017-05-03,5656.7900,5669.2200,5626.3600,5639.4900,2998158100,44253024256.00
sh000959,2017-05-04,5631.6300,5652.7100,5613.7400,5631.8300,3344877000,48439963648.00
sh000959,2017-05-05,5616.1280,5622.0150,5570.4550,5622.0150,4467298100,58162540544.00
sh000959,2017-05-08,5595.6500,5627.6100,5564.3200,5627.5000,4878543900,63254925312.00
sh000959,2017-05-09,5600.3700,5619.9300,5588.8600,5609.8600,2674960600,39709765632.00
sh000959,2017-05-10,5607.8100,5654.8200,5607.8100,5622.9300,3419336500,49956143104.00
sh000959,2017-05-11,5608.0600,5675.8600,5599.3900,5672.4200,4101870400,53116661760.00
sh000959,2017-05-12,5664.9300,5772.0100,5661.4700,5770.8300,4094437100,51737403392.00
sh000959,2017-05-15,5781.1600,5812.5600,5771.8800,5775.7800,3349740400,46749630464.00
sh000959,2017-05-16,5759.8100,5770.0200,5714.3800,5768.8400,3718885600,53917929472.00
sh000959,2017-05-17,5756.1400,5759.5700,5716.4200,5722.7900,3419838400,50036809728.00
sh000959,2017-05-18,5690.6400,5720.1400,5688.5100,5705.4400,2714026800,40291082240.00
sh000959,2017-05-19,5700.2000,5722.8600,5700.2000,5718.8500,2300872400,36001734656.00
sh000959,2017-05-22,5715.6200,5765.9100,5713.4700,5759.5600,3400168800,48078569472.00
sh000959,2017-05-23,5752.5600,5839.7900,5747.8100,5839.1600,4753257600,65369841664.00
sh000959,2017-05-24,5822.5700,5844.8700,5773.1300,5835.1100,3353155200,48269582336.00
sh000959,2017-05-25,5816.3700,6009.0600,5814.9200,5994.5100,6855177600,82266988544.00
sh000959,2017-05-26,5984.5900,6017.6300,5967.6200,5990.4900,4449711600,61229944832.00
sh000959,2017-05-31,5993.8550,6060.7680,5974.5940,6021.4180,4447608000,62879551488.00
sh000959,2017-06-01,6011.3400,6065.5200,5992.7000,6062.8500,4319394000,61633667072.00
sh000959,2017-06-02,6057.6200,6072.0000,6009.3800,6018.3500,3677264400,50977705984.00
sh000959,2017-06-05,5998.3700,6008.9600,5929.7700,5948.5900,4036107600,48753164288.00
sh000959,2017-06-06,5940.5500,5988.7000,5932.0800,5988.0600,2739047000,42335567872.00
sh000959,2017-06-07,5992.1500,6050.3900,5984.3300,6038.0800,4172069600,62856245248.00
sh000959,2017-06-08,6029.3600,6089.5300,6019.1600,6084.1500,3384279200,54387523584.00
sh000959,2017-06-09,6085.0400,6164.7200,6082.6800,6119.2100,4728930400,65617117184.00
sh000959,2017-06-12,6116.2300,6181.8200,6109.3500,6129.5100,4169245600,65371586560.00
sh000959,2017-06-13,6123.2500,6131.7200,6092.5000,6128.5700,3054684800,50081828864.00
sh000959,2017-06-14,6097.7300,6097.7300,6014.2100,6027.8400,3698104800,59684937728.00
sh000959,2017-06-15,6018.9500,6036.4100,5973.6300,5996.3700,3566737200,57035415552.00
sh000959,2017-06-16,5978.8100,6003.6200,5951.7600,5963.4000,3003562000,48418238464.00
sh000959,2017-06-19,5969.9700,6033.0000,5967.6900,6025.8800,3490165600,53007290368.00
sh000959,2017-06-20,6037.3800,6043.7700,6001.3800,6014.4200,3272375800,53326295040.00
sh000959,2017-06-21,6047.2500,6077.7000,6003.8800,6076.7700,3776716800,64877547520.00
sh000959,2017-06-22,6067.6300,6195.8400,6066.5800,6123.1900,6586199200,95099011072.00
sh000959,2017-06-23,6111.1200,6186.4200,6084.9100,6184.9000,4755588400,74635124736.00
sh000959,2017-06-26,6194.2400,6281.6000,6194.2400,6244.0800,6572487200,98634252288.00
sh000959,2017-06-27,6240.4700,6271.3700,6209.8000,6263.6000,4511903600,67412848640.00
sh000959,2017-06-28,6246.9300,6282.4500,6228.9500,6230.8900,4641336800,69658869760.00
sh000959,2017-06-29,6241.5300,6263.5900,6220.4300,6260.6900,3504028400,56138256384.00
sh000959,2017-06-30,6235.8900,6259.2300,6221.7800,6253.1300,3383123600,52161282048.00
sh000959,2017-07-03,6251.7800,6252.4200,6194.6500,6219.8400,3668490000,59262554112.00
sh000959,2017-07-04,6213.4100,6213.9200,6145.2300,6160.2500,4303958000,67240448000.00
sh000959,2017-07-05,6144.4200,6236.1200,6140.0200,6229.2500,3888538400,63447920640.00
sh000959,2017-07-06,6218.4000,6249.9100,6188.3400,6235.2800,3979548800,64200421376.00
sh000959,2017-07-07,6208.4800,6215.3300,6180.9400,6208.5000,3772014000,55614226432.00
sh000959,2017-07-10,6201.0500,6246.9600,6189.2300,6227.8400,4435993600,64685682688.00
sh000959,2017-07-11,6214.2300,6342.2600,6212.3600,6297.4400,5684258400,80079167488.00
sh000959,2017-07-12,6302.0800,6378.1100,6270.5200,6295.1500,5875308800,79141076992.00
sh000959,2017-07-13,6284.9500,6366.1300,6279.1200,6364.6600,6027746400,76737675264.00
sh000959,2017-07-14,6363.0000,6416.8300,6349.1500,6416.8300,5182578000,67820085248.00
sh000959,2017-07-17,6422.5900,6508.9400,6346.7600,6437.4000,8813880800,106367172608.00
sh000959,2017-07-18,6411.1800,6455.8700,6361.8400,6434.1000,6325182400,80180060160.00
sh000959,2017-07-19,6417.4800,6511.4000,6413.1400,6496.3300,7894377600,99671638016.00
sh000959,2017-07-20,6488.3700,6524.4500,6467.1700,6520.8400,6024692400,84630642688.00
sh000959,2017-07-21,6503.9700,6521.9600,6461.5900,6474.0100,5075302400,73708126208.00
sh000959,2017-07-24,6464.6700,6531.1900,6451.2300,6499.9700,5759445600,79704055808.00
sh000959,2017-07-25,6502.2200,6532.6800,6460.4200,6473.1500,5437314400,68622942208.00
sh000959,2017-07-26,6472.2400,6536.3000,6412.0900,6448.5800,5532338800,72949243904.00
sh000959,2017-07-27,6438.2100,6438.5200,6373.2000,6421.2100,5323518800,71456391168.00
sh000959,2017-07-28,6405.7000,6453.4500,6391.6100,6441.3800,3544686000,52714655744.00
sh000959,2017-07-31,6438.0600,6462.1700,6412.6000,6444.4200,4860090400,67553951744.00
sh000959,2017-08-01,6448.7000,6523.2000,6442.3900,6523.2000,5400405600,75982307328.00
sh000959,2017-08-02,6518.9000,6561.4000,6515.0600,6520.5500,6617243600,84997193728.00
sh000959,2017-08-03,6511.7100,6541.8800,6423.8200,6436.8600,5850823200,77243973632.00
sh000959,2017-08-04,6430.5300,6453.7400,6400.2200,6402.3700,5192090000,68228165632.00
sh000959,2017-08-07,6393.9900,6437.3400,6364.5400,6423.2100,4558996800,59406929920.00
sh000959,2017-08-08,6419.9800,6433.3300,6399.6700,6421.1600,4535886400,56398258176.00
sh000959,2017-08-09,6414.4400,6414.5500,6381.5400,6385.8300,4379222000,61557579776.00
sh000959,2017-08-10,6375.0900,6414.1600,6311.1500,6361.8800,4680995200,64745930752.00
sh000959,2017-08-11,6311.2800,6330.4500,6232.8100,6252.1500,5922524800,73319325696.00
sh000959,2017-08-14,6254.2400,6300.0400,6247.9500,6287.6100,4650558400,66904924160.00
sh000959,2017-08-15,6290.8500,6364.0100,6289.5200,6325.0900,4471647200,57532170240.00
sh000959,2017-08-16,6318.3800,6319.6500,6276.6600,6298.9600,4082564800,56007618560.00
sh000959,2017-08-17,6306.5200,6329.0200,6296.6700,6326.3800,3744771600,53658976256.00
sh000959,2017-08-18,6305.7900,6356.5700,6294.1700,6338.5000,3484557600,53490597888.00
sh000959,2017-08-21,6356.4800,6374.6300,6344.3200,6365.6000,3504348800,49472131072.00
sh000959,2017-08-22,6391.1100,6428.2500,6379.6700,6426.6100,4260187600,63816433664.00
sh000959,2017-08-23,6422.7700,6488.1200,6415.7300,6460.8100,5085502000,64486502400.00
sh000959,2017-08-24,6460.0600,6496.7300,6427.0600,6437.3400,4555028800,57241542656.00
sh000959,2017-08-25,6439.5600,6582.0500,6439.5600,6581.3900,7102962400,84381736960.00
sh000959,2017-08-28,6600.9800,6705.3700,6600.9800,6640.8900,9167086400,122837778432.00
sh000959,2017-08-29,6631.7000,6653.7900,6610.2700,6640.0000,5307463200,72325423104.00
sh000959,2017-08-30,6643.1600,6687.7000,6607.2700,6623.4000,6198763200,80469237760.00
sh000959,2017-08-31,6625.8400,6635.0100,6532.4900,6569.9000,6176540800,79593824256.00
sh000959,2017-09-01,6573.8700,6608.1800,6533.1700,6551.3700,6583087200,86094544896.00
sh000959,2017-09-04,6541.6900,6571.5800,6511.7300,6568.6300,6155844000,75755388928.00
sh000959,2017-09-05,6569.2000,6629.0500,6565.6500,6606.5200,5089146800,66243342336.00
sh000959,2017-09-06,6588.9700,6611.5400,6554.5100,6587.8500,5057524000,69435703296.00
sh000959,2017-09-07,6590.0100,6600.3900,6555.5800,6557.4700,5150762400,75467309056.00
sh000959,2017-09-08,6557.3800,6576.4600,6525.6600,6539.8400,4272407200,63455182848.00
sh000959,2017-09-11,6552.9000,6588.9200,6517.8400,6523.4700,5172302000,75324203008.00
sh000959,2017-09-12,6535.5500,6553.3400,6510.1100,6553.1000,4961694400,80901488640.00
sh000959,2017-09-13,6547.4100,6561.5300,6521.2600,6544.7900,3427713200,57053454336.00
sh000959,2017-09-14,6547.0400,6569.1700,6508.6900,6524.0100,4425631200,64010817536.00
sh000959,2017-09-15,6515.2300,6555.4100,6500.2800,6531.2700,5150272400,74199277568.00
sh000959,2017-09-18,6535.4300,6579.9700,6533.5100,6533.5100,5083588000,76498984960.00
sh000959,2017-09-19,6546.8500,6567.6800,6502.6600,6524.7200,4643314400,68870774784.00
sh000959,2017-09-20,6517.0000,6543.5400,6508.6600,6518.5300,3938569200,62558400512.00
sh000959,2017-09-21,6520.5500,6577.8900,6511.1900,6547.5500,4638786000,66942476288.00
sh000959,2017-09-22,6527.6900,6571.3600,6521.4200,6557.4900,4353000000,65118150656.00
sh000959,2017-09-25,6539.0800,6549.7900,6514.4100,6536.1100,4719315200,70666297344.00
sh000959,2017-09-26,6519.3900,6542.6800,6515.1900,6530.2700,3064676000,47331893248.00
sh000959,2017-09-27,6525.9800,6531.8000,6505.4300,6510.5000,3425018000,54165282816.00
sh000959,2017-09-28,6514.6500,6515.3700,6481.4600,6493.7500,3449449600,53459599360.00
sh000959,2017-09-29,6495.8600,6535.5100,6495.8600,6509.5700,3340094600,54583160832.00
sh000959,2017-10-09,6667.6100,6683.4500,6566.8300,6579.6500,6463464000,96170926080.00
sh000959,2017-10-10,6581.4400,6618.8700,6529.9600,6588.0600,4790233200,80158892032.00
sh000959,2017-10-11,6584.5600,6639.3900,6583.4300,6620.7000,4209174800,74477715456.00
sh000959,2017-10-12,6621.4200,6656.4300,6615.4000,6640.0500,3755621600,61447143424.00
sh000959,2017-10-13,6637.3700,6652.6500,6624.0800,6624.0800,3400167200,56264241152.00
sh000959,2017-10-16,6633.4500,6675.5700,6624.2000,6639.0100,4373862000,72886116352.00
sh000959,2017-10-17,6636.2800,6658.2900,6618.5600,6635.4400,3091454200,52405878784.00
sh000959,2017-10-18,6639.8500,6701.2900,6635.2000,6699.0700,4183084800,64845852672.00
sh000959,2017-10-19,6688.7800,6694.6500,6666.4600,6687.6200,4386138400,69002231808.00
sh000959,2017-10-20,6663.3800,6666.4900,6637.9400,6654.1400,2614012400,46307831808.00
sh000959,2017-10-23,6659.7200,6663.7100,6625.9500,6629.1900,3080245200,49056108544.00
sh000959,2017-10-24,6625.3900,6701.7800,6620.2900,6693.2000,4040468800,64202190848.00
sh000959,2017-10-25,6691.7000,6714.5300,6685.8000,6702.4100,3084460000,50303258624.00
sh000959,2017-10-26,6703.7100,6753.7300,6690.2300,6717.9900,5941904800,95978766336.00
sh000959,2017-10-27,6719.5600,6799.2600,6715.7500,6792.1000,5554296800,83760275456.00
sh000959,2017-10-30,6793.8900,6822.1900,6720.7800,6805.2100,6851256000,104486420480.00
sh000959,2017-10-31,6779.6100,6780.2300,6740.4100,6758.5900,4785608000,78180540416.00
sh000959,2017-11-01,6762.3000,6809.0400,6732.8500,6753.9300,6347833200,93844799488.00
sh000959,2017-11-02,6749.2400,6770.8600,6702.6300,6765.4000,5331923200,77542326272.00
sh000959,2017-11-03,6750.3800,6760.4400,6690.8900,6753.4800,5534618400,79145009152.00
sh000959,2017-11-06,6737.8500,6746.6500,6694.7500,6740.0300,4818364000,81938120704.00
sh000959,2017-11-07,6742.7800,6823.6700,6742.0800,6812.6300,6655931200,102200778752.00
sh000959,2017-11-08,6808.2300,6867.8800,6784.9800,6801.7200,6535160800,105743835136.00
sh000959,2017-11-09,6795.1700,6835.7500,6785.0800,6832.8400,4885482400,78654455808.00
sh000959,2017-11-10,6824.0300,6873.3500,6809.7500,6862.8300,6374684400,105065259008.00
sh000959,2017-11-13,6872.5700,6930.0800,6872.5300,6897.0500,6934641600,103868899328.00
sh000959,2017-11-14,6899.2500,6908.7200,6845.4600,6868.1500,5686235600,95473377280.00
sh000959,2017-11-15,6841.3000,6871.5500,6819.8600,6851.1100,5191132000,91051483136.00
sh000959,2017-11-16,6833.8500,6888.9300,6830.2900,6886.6500,4914496400,89590857728.00
sh000959,2017-11-17,6875.1200,7029.6900,6873.9300,7024.8500,9313145600,142425751552.00
sh000959,2017-11-20,6978.6900,7063.1100,6937.5900,7061.1100,6469634400,106732716032.00
sh000959,2017-11-21,7038.1100,7226.6200,7034.4000,7189.1100,9004393600,149229715456.00
sh000959,2017-11-22,7218.5900,7318.5400,7215.0000,7277.1400,9801548000,150231908352.00
sh000959,2017-11-23,7264.3500,7287.8500,7052.6500,7101.6900,8943976000,139281678336.00
sh000959,2017-11-24,7083.8900,7127.9200,7019.3100,7107.3900,6332011200,107471241216.00
sh000959,2017-11-27,7078.5200,7078.5200,6966.3100,7035.6400,6886812000,108260171776.00
sh000959,2017-11-28,6992.7300,7002.0900,6913.7600,6976.8600,4501572800,73163948032.00
sh000959,2017-11-29,6989.2500,7008.2400,6894.0200,6991.7800,5311367200,87031267328.00
sh000959,2017-11-30,6960.1100,6987.2800,6883.5400,6918.2800,5116282400,83119792128.00
sh000959,2017-12-01,6911.1700,6934.9800,6855.2400,6876.4300,4668118000,75881267200.00
sh000959,2017-12-04,6853.3900,6926.2800,6836.2800,6914.4100,4165664000,73374564352.00
sh000959,2017-12-05,6894.8100,7044.0600,6893.4300,7017.2400,8030212800,116010795008.00
sh000959,2017-12-06,6987.1600,6987.1600,6869.9700,6939.7400,4773802400,77750640640.00
sh000959,2017-12-07,6918.0200,6948.8900,6823.0500,6864.8300,3979470800,64415494144.00
sh000959,2017-12-08,6849.7400,6909.6400,6826.5500,6890.7300,3824925600,66303819776.00
sh000959,2017-12-11,6888.9900,6966.8200,6876.4000,6965.4000,5255544000,92871172096.00
sh000959,2017-12-12,6958.9400,6965.2800,6865.4900,6867.2700,4339401600,73782059008.00
sh000959,2017-12-13,6866.9300,6927.7400,6843.1500,6916.4400,3942042800,69773729792.00
sh000959,2017-12-14,6921.7400,6934.8800,6852.7600,6870.9600,3967514400,67110273024.00
sh000959,2017-12-15,6859.7700,6859.7700,6784.8200,6790.8300,4669005600,69898911744.00
sh000959,2017-12-18,6795.3800,6842.4400,6784.9500,6813.6000,3684663200,63479193600.00
sh000959,2017-12-19,6813.7700,6908.1400,6813.1900,6905.2900,4167432000,72242118656.00
sh000959,2017-12-20,6905.7400,6920.8200,6863.7500,6902.8200,4450048800,75108630528.00
sh000959,2017-12-21,6887.1400,6977.3600,6871.7200,6949.2700,5170140800,84613931008.00
sh000959,2017-12-22,6943.4600,6956.2900,6911.2500,6922.0900,3531117600,60048723968.00
sh000959,2017-12-25,6927.5400,7004.4200,6907.7900,6932.6100,4732084000,79347916800.00
sh000959,2017-12-26,6931.6100,6972.8300,6913.0000,6966.2100,4720416400,72740216832.00
sh000959,2017-12-27,6952.2900,6963.1000,6849.2500,6865.1800,5225613600,84499759104.00
sh000959,2017-12-28,6861.9600,6911.2000,6834.9400,6879.2500,4982746400,85611978752.00
sh000959,2017-12-29,6884.0400,6921.2300,6880.2200,6908.2700,4198667600,70448840704.00
sh000959,2018-01-02,6928.8900,7035.8300,6928.8900,7025.1100,7991112000,108961972224.00
sh000959,2018-01-03,7029.6300,7109.7100,7021.4300,7035.8900,7172396800,121168445440.00
sh000959,2018-01-04,7052.3600,7086.6100,7028.5900,7059.4800,5926632800,98718482432.00
sh000959,2018-01-05,7071.1500,7145.7700,7054.4400,7114.7300,7454775200,108368404480.00
sh000959,2018-01-08,7122.1800,7168.4400,7106.9500,7149.8000,8472422400,132726513664.00
sh000959,2018-01-09,7146.7700,7191.9400,7138.7800,7182.0600,7276779200,111673155584.00
sh000959,2018-01-10,7184.5700,7291.8600,7183.7100,7280.8400,8634320800,122572644352.00
sh000959,2018-01-11,7264.1900,7311.4000,7233.7300,7276.8000,6011964000,95621267456.00
sh000959,2018-01-12,7278.1600,7326.6700,7271.4600,7323.1100,5686214000,94418690048.00
sh000959,2018-01-15,7335.2600,7451.9400,7332.6600,7405.0500,9967949600,154510868480.00
sh000959,2018-01-16,7386.1900,7465.4800,7377.8100,7460.3900,9545639200,153628344320.00
sh000959,2018-01-17,7478.4000,7610.4400,7439.2700,7482.5100,12664637600,189872029696.00
sh000959,2018-01-18,7513.3800,7583.5500,7503.0500,7579.2000,10839593600,156501868544.00
sh000959,2018-01-19,7614.8200,7672.4000,7562.3700,7599.9200,12234627200,166158647296.00
sh000959,2018-01-22,7570.6400,7675.3100,7567.7600,7640.6000,10112290400,150207561728.00
sh000959,2018-01-23,7658.7600,7788.4500,7658.7600,7786.3000,12729211200,173990035456.00
sh000959,2018-01-24,7811.2600,7860.7600,7721.3200,7805.0300,12825377600,180366393344.00
sh000959,2018-01-25,7786.1100,7792.1200,7656.1700,7748.4500,9475993600,141109690368.00
sh000959,2018-01-26,7723.8800,7852.4100,7720.7500,7796.7300,10320025600,140914049024.00
sh000959,2018-01-29,7814.1100,7852.5900,7649.1800,7687.3100,10505190400,160164380672.00
sh000959,2018-01-30,7655.6800,7687.0200,7541.0000,7545.5000,7360324800,113080647680.00
sh000959,2018-01-31,7518.0300,7637.6700,7516.1900,7634.8800,7551737600,117027774464.00
sh000959,2018-02-01,7639.2100,7684.4800,7572.8200,7683.3500,10515944000,149640822784.00
sh000959,2018-02-02,7617.1700,7703.1900,7540.1200,7701.1300,7338402400,113627463680.00
sh000959,2018-02-05,7585.8900,7802.0100,7578.9400,7802.0100,9128622400,139362484224.00
sh000959,2018-02-06,7638.4000,7690.4300,7573.1600,7642.6300,12576939200,183426400256.00
sh000959,2018-02-07,7717.8100,7775.7600,7390.3100,7401.2300,12383752000,175854993408.00
sh000959,2018-02-08,7329.2400,7380.8100,7114.7700,7209.0900,9540641600,132841005056.00
sh000959,2018-02-09,6995.8900,7027.5400,6705.9700,6901.0800,12018928800,163939598336.00
sh000959,2018-02-12,6885.0100,6946.5700,6826.6600,6907.5700,6569452800,97280892928.00
sh000959,2018-02-13,6973.8600,7104.8400,6973.8600,7009.5900,6613322400,95591514112.00
sh000959,2018-02-14,7021.8300,7068.6500,6979.9200,7057.0700,3629182800,56899981312.00
sh000959,2018-02-22,7171.3100,7213.0900,7136.3900,7201.3600,5381383200,82697338880.00
sh000959,2018-02-23,7220.2700,7279.3300,7186.2800,7258.1600,5020645200,76780511232.00
sh000959,2018-02-26,7299.6500,7324.5800,7193.3000,7286.6200,7229641600,107431329792.00
sh000959,2018-02-27,7293.9600,7293.9600,7123.3400,7143.4000,6611246800,101401804800.00
sh000959,2018-02-28,7067.9000,7102.2800,7012.5300,7044.9900,5320648000,88068513792.00
sh000959,2018-03-01,6992.6800,7100.8200,6979.8500,7061.8800,5829447200,83406405632.00
sh000959,2018-03-02,6996.7900,7060.0200,6975.3200,7019.0200,4631359200,71193518080.00
sh000959,2018-03-05,7020.3500,7075.3100,6974.9100,7011.9300,4378886400,64532287488.00
sh000959,2018-03-06,7048.4500,7082.6800,6961.1400,7080.8200,7684392000,98725445632.00
sh000959,2018-03-07,7087.0600,7158.0200,7046.8400,7062.2300,5893820800,81673674752.00
sh000959,2018-03-08,7068.4400,7118.5200,7036.0900,7112.6200,4269604000,70503186432.00
sh000959,2018-03-09,7132.7900,7153.1700,7099.6400,7131.9800,5448095600,80265691136.00
sh000959,2018-03-12,7168.9700,7179.4100,7109.2800,7127.5600,7132002400,105919315968.00
sh000959,2018-03-13,7126.5700,7162.9800,7075.4000,7084.9700,5630871600,77778395136.00
sh000959,2018-03-14,7057.5800,7069.7300,7027.7800,7048.7800,4504062400,67369291776.00
sh000959,2018-03-15,7019.7400,7089.1700,7019.7400,7084.6600,3937149600,66557796352.00
sh000959,2018-03-16,7080.7300,7108.6100,7019.8000,7022.6900,4262682800,68150071296.00
sh000959,2018-03-19,7015.0200,7053.6300,6978.1800,7051.1100,3774147600,61648850944.00
sh000959,2018-03-20,7008.9400,7073.9500,7003.8700,7063.7700,3965323600,59474513920.00
sh000959,2018-03-21,7102.5200,7120.8400,7013.1400,7043.0400,4726836000,76883083264.00
sh000959,2018-03-22,7048.2000,7061.3000,6939.8800,6977.3800,4450313600,73559506944.00
sh000959,2018-03-23,6788.6100,6819.3800,6699.6100,6815.6300,9078290400,123945918464.00
sh000959,2018-03-26,6751.8100,6759.9900,6618.8600,6683.8500,5912090800,88847351808.00
sh000959,2018-03-27,6770.9200,6786.7700,6648.3700,6693.5800,5573495600,87197941760.00
sh000959,2018-03-28,6621.3600,6706.0500,6573.5800,6594.5900,5271746000,92288778240.00
sh000959,2018-03-29,6611.9100,6767.1400,6514.8700,6723.2900,6414220000,100052803584.00
sh000959,2018-03-30,6717.1500,6733.5800,6675.0700,6681.1600,4694481200,71582679040.00
sh000959,2018-04-02,6674.7900,6756.2400,6645.3700,6648.2100,5191482400,78933057536.00
sh000959,2018-04-03,6595.8000,6637.2200,6573.2100,6604.0100,4489654400,66702458880.00
sh000959,2018-04-04,6619.3200,6674.8600,6598.5300,6608.2200,4167564800,69870288896.00
sh000959,2018-04-09,6610.3000,6639.0700,6569.5200,6610.8100,3869020800,59955691520.00
sh000959,2018-04-10,6622.3100,6777.3500,6606.0600,6776.6500,5467907600,76748251136.00
sh000959,2018-04-11,6787.7900,6856.1600,6759.0900,6807.2400,5743613600,78627176448.00
sh000959,2018-04-12,6805.9800,6805.9800,6724.1400,6729.6300,3902297600,55993942016.00
sh000959,2018-04-13,6768.4400,6783.4200,6673.2300,6681.3500,3375764800,50278338560.00
sh000959,2018-04-16,6665.5400,6667.7900,6501.4000,6525.9700,5547556400,73901047808.00
sh000959,2018-04-17,6533.4000,6563.5200,6453.5400,6458.2200,4421410800,66793132032.00
sh000959,2018-04-18,6537.2400,6543.6300,6432.8200,6502.1200,5736704800,79568338944.00
sh000959,2018-04-19,6520.0400,6589.9800,6505.4600,6569.6300,4847325200,66835763200.00
sh000959,2018-04-20,6550.9900,6563.2100,6461.8000,6503.2800,4840437600,65377026048.00
sh000959,2018-04-23,6478.8300,6547.5200,6474.6000,6534.8200,4608886800,59332276224.00
sh000959,2018-04-24,6541.9700,6705.0900,6541.9700,6668.0600,6489858000,86713237504.00
sh000959,2018-04-25,6628.1700,6650.3300,6593.7800,6607.0000,3726413200,53549088768.00
sh000959,2018-04-26,6603.5300,6619.5700,6470.5800,6508.5500,4711386400,77683212288.00
sh000959,2018-04-27,6532.8000,6538.2000,6425.0700,6512.0400,4900802000,90504560640.00
sh000959,2018-05-02,6533.5300,6559.6100,6476.8500,6508.7300,4373974800,70177234944.00
sh000959,2018-05-03,6492.0300,6555.6500,6453.4000,6538.4000,4699058400,67246288896.00
sh000959,2018-05-04,6527.2400,6549.0400,6491.4100,6496.2400,3378927200,53366419456.00
sh000959,2018-05-07,6510.8300,6581.4200,6485.0500,6578.7700,4271316800,73300697088.00
sh000959,2018-05-08,6581.0000,6705.2700,6577.5700,6668.2800,5013708000,82651906048.00
sh000959,2018-05-09,6669.3300,6678.4500,6636.9300,6664.0300,3126113600,50409148416.00
sh000959,2018-05-10,6687.5400,6710.8900,6648.9300,6687.1400,3367107200,56336953344.00
sh000959,2018-05-11,6704.1100,6707.2400,6662.4200,6675.7400,3509253200,57429262336.00
sh000959,2018-05-14,6699.1100,6753.8900,6699.1100,6730.7800,4143000800,69019140096.00
sh000959,2018-05-15,6746.7100,6748.9900,6680.5200,6724.6000,3590733600,56487649280.00
sh000959,2018-05-16,6697.7900,6705.6700,6639.6500,6646.0400,3419482800,56274767872.00
sh000959,2018-05-17,6653.8100,6661.2600,6605.3200,6613.8300,2647610800,46510485504.00
sh000959,2018-05-18,6609.0300,6698.9700,6589.4900,6698.3800,3249188800,50323177472.00
sh000959,2018-05-21,6728.9400,6745.4500,6688.9800,6701.9700,4266681600,64358297600.00
sh000959,2018-05-22,6699.4100,6699.4100,6615.7500,6650.4700,3619358400,56171335680.00
sh000959,2018-05-23,6631.3300,6631.3300,6557.0900,6557.0900,3866183600,56840671232.00
sh000959,2018-05-24,6559.3900,6564.6200,6501.8500,6506.3600,3287205600,49797824512.00
sh000959,2018-05-25,6497.5800,6527.3900,6463.3100,6493.6800,3383638800,48367796224.00
sh000959,2018-05-28,6488.4100,6536.7400,6463.1200,6513.1700,3046348800,52585345024.00
sh000959,2018-05-29,6499.0100,6515.8700,6440.4100,6491.1700,4051225600,64129961984.00
sh000959,2018-05-30,6415.6100,6423.7000,6356.1600,6357.3400,3892487200,58574077952.00
sh000959,2018-05-31,6401.5000,6488.1700,6394.2700,6478.3200,4698479600,75366866944.00
sh000959,2018-06-01,6460.7800,6494.4200,6426.0400,6447.9500,3580420000,54545858560.00
sh000959,2018-06-04,6481.3600,6554.6600,6473.1600,6546.4800,3887829200,68516040704.00
sh000959,2018-06-05,6539.8000,6562.5800,6497.1800,6557.1400,3924122000,73821003776.00
sh000959,2018-06-06,6547.1400,6547.9500,6511.2700,6520.1400,3415243200,61216411648.00
sh000959,2018-06-07,6535.8500,6573.1100,6523.4500,6533.0500,3830685200,64813150208.00
sh000959,2018-06-08,6511.6700,6511.9000,6411.9100,6439.9000,3988217200,61508702208.00
sh000959,2018-06-11,6422.9400,6480.6700,6401.0200,6469.5400,3427482800,65223581696.00
sh000959,2018-06-12,6471.6300,6536.3300,6442.7100,6526.1600,3789895600,74753826816.00
sh000959,2018-06-13,6506.5000,6521.1200,6475.2400,6490.6500,3338567800,59976654848.00
sh000959,2018-06-14,6465.7200,6524.7400,6455.1600,6483.0600,3393036800,61555937280.00
sh000959,2018-06-15,6461.3900,6513.2900,6459.8600,6491.0100,4260053600,65633660928.00
sh000959,2018-06-19,6415.6300,6433.7100,6285.6400,6353.4300,8475510400,122061398016.00
sh000959,2018-06-20,6321.7100,6359.3000,6274.3400,6337.2800,3973505600,65742942208.00
sh000959,2018-06-21,6333.5800,6408.8900,6295.2200,6303.6500,4263394400,68996481024.00
sh000959,2018-06-22,6267.3300,6302.8900,6236.2500,6302.3300,3332322600,52205744128.00
sh000959,2018-06-25,6329.3900,6336.6900,6181.8700,6183.4800,4207002800,69216165888.00
sh000959,2018-06-26,6129.0500,6132.9200,6007.3900,6089.5300,4587864000,68837965824.00
sh000959,2018-06-27,6075.1000,6103.5700,5933.1000,5972.6800,4307114400,69494038528.00
sh000959,2018-06-28,5924.9100,5996.5700,5894.1800,5911.7400,3873200800,61807173632.00
sh000959,2018-06-29,5924.4300,6035.1200,5915.9800,6032.7000,3770026400,56189534208.00
sh000959,2018-07-02,6017.7100,6017.7100,5766.7400,5796.3800,4534058000,67271667712.00
sh000959,2018-07-03,5804.9500,5821.3000,5675.8300,5808.8400,4985075200,80834207744.00
sh000959,2018-07-04,5790.3800,5839.9000,5749.1500,5755.3400,3777448000,56868990976.00
sh000959,2018-07-05,5758.1800,5817.7400,5716.6600,5767.1800,4089096000,60391649280.00
sh000959,2018-07-06,5776.8800,5861.3900,5699.4700,5816.3900,4398857600,66801729536.00
sh000959,2018-07-09,5835.6100,5985.7400,5835.6100,5984.7700,4268988400,63762321408.00
sh000959,2018-07-10,5993.1400,5998.1200,5930.6300,5979.3500,3515206400,54489948160.00
sh000959,2018-07-11,5859.8700,5907.2500,5836.3300,5882.6900,3422756800,49194696704.00
sh000959,2018-07-12,5867.5900,6019.6700,5867.5900,5987.2100,5150138400,68782694400.00
sh000959,2018-07-13,5995.6500,5995.6800,5955.8600,5974.1700,3859687200,59393495040.00
sh000959,2018-07-16,5956.3600,5979.8900,5874.2100,5895.1000,3603211600,53271924736.00
sh000959,2018-07-17,5878.7900,5881.8400,5815.2500,5852.8100,3179544000,51089244160.00
sh000959,2018-07-18,5868.9600,5913.7400,5817.8400,5821.1500,3233488000,52930998272.00
sh000959,2018-07-19,5852.2700,5894.5500,5817.7300,5835.9400,3284049200,51206885376.00
sh000959,2018-07-20,5834.1000,6030.6400,5790.3100,5999.2500,5759028800,78666588160.00
sh000959,2018-07-23,5974.9700,6119.9000,5964.3500,6104.5500,6245292800,84783382528.00
sh000959,2018-07-24,6133.3700,6249.6700,6133.3700,6204.0600,7364300000,100611309568.00
sh000959,2018-07-25,6225.7700,6226.0000,6166.0600,6192.7800,4119388000,60415946752.00
sh000959,2018-07-26,6206.8800,6227.4100,6108.2900,6120.6100,4056001600,59230892032.00
sh000959,2018-07-27,6115.1800,6141.8600,6084.4900,6100.5300,2918126800,44212297728.00
sh000959,2018-07-30,6102.9200,6195.4000,6093.6300,6152.1500,3643002400,52969644032.00
sh000959,2018-07-31,6138.8900,6178.6400,6096.4400,6157.5900,3335353400,46230564864.00
sh000959,2018-08-01,6185.3700,6207.6100,6018.5500,6020.5200,4509266800,64969494528.00
sh000959,2018-08-02,5999.9400,6005.4300,5823.6100,5890.4200,4839374400,73439682560.00
sh000959,2018-08-03,5882.7000,5915.3300,5822.3900,5822.7400,3464420000,56289398784.00
sh000959,2018-08-06,5837.0200,5916.3000,5787.0800,5813.2000,3870736800,58413404160.00
sh000959,2018-08-07,5839.8100,5989.0500,5815.0200,5989.0500,4371898400,63514726400.00
sh000959,2018-08-08,5982.1200,5985.4300,5896.4400,5901.9400,3574449200,53082386432.00
sh000959,2018-08-09,5879.6000,6038.9400,5875.0000,6024.3900,4369508800,64445620224.00
sh000959,2018-08-10,6030.8400,6064.2200,5983.3800,6020.6400,3322286800,50205175808.00
sh000959,2018-08-13,5961.5900,5974.9400,5876.2300,5961.1300,3838727200,52580827136.00
sh000959,2018-08-14,5953.1900,5956.9000,5896.1300,5926.5300,2988281400,42653978624.00
sh000959,2018-08-15,5926.6000,5928.4200,5796.4500,5803.1200,3367060400,49586094080.00
sh000959,2018-08-16,5737.6100,5845.9900,5709.3600,5790.7500,3583788400,52807077888.00
sh000959,2018-08-17,5841.4900,5849.5100,5723.0400,5732.1000,3144955800,49146286080.00
sh000959,2018-08-20,5761.4600,5813.7100,5729.2100,5813.7100,3492589200,53594095616.00
sh000959,2018-08-21,5818.3700,5922.5700,5815.4100,5899.8200,3810691600,61153832960.00
sh000959,2018-08-22,5906.3400,5906.3400,5856.4400,5875.4200,2459450000,40320167936.00
sh000959,2018-08-23,5873.7400,5914.7400,5821.0000,5882.5500,3130245200,49020960768.00
sh000959,2018-08-24,5860.3200,5984.4400,5835.0100,5925.2200,3536226000,48040607744.00
sh000959,2018-08-27,5947.3400,6043.5600,5940.8700,6043.5600,5022624800,71017422848.00
sh000959,2018-08-28,6041.3500,6063.9100,6006.6800,6026.2000,3719198400,57085067264.00
sh000959,2018-08-29,6012.6100,6030.9800,5986.6200,6005.4400,3470831200,46534422528.00
sh000959,2018-08-30,6006.1800,6038.0400,5939.6200,5939.6200,3678498800,49874001920.00
sh000959,2018-08-31,5916.7700,5997.6700,5908.9700,5958.5500,4115395600,62538252288.00
sh000959,2018-09-03,5934.7600,5950.9200,5894.9900,5934.1000,3267353600,47308443648.00
sh000959,2018-09-04,5940.3900,6026.6900,5902.6500,6009.7100,3324613000,49626284032.00
sh000959,2018-09-05,5975.1800,5989.2500,5867.1300,5867.1300,3247687400,48625045504.00
sh000959,2018-09-06,5852.8800,5891.4400,5793.8900,5807.4300,3043716000,47200092160.00
sh000959,2018-09-07,5828.4500,5897.2500,5797.4400,5842.9800,3213447600,47409893376.00
sh000959,2018-09-10,5827.1400,5847.2000,5786.1400,5797.4900,3165218000,44188372992.00
sh000959,2018-09-11,5796.0600,5816.1900,5740.0400,5762.7300,2847761400,39890509824.00
sh000959,2018-09-12,5743.4200,5779.9900,5710.0900,5745.1700,2643373200,40564903936.00
sh000959,2018-09-13,5813.4300,5829.1600,5755.6300,5826.3700,3400828800,50967060480.00
sh000959,2018-09-14,5838.8700,5860.2700,5812.4200,5845.6100,2823465600,44270628864.00
sh000959,2018-09-17,5816.3200,5818.8100,5779.5800,5786.2100,2507525400,35321413632.00
sh000959,2018-09-18,5769.8400,5917.7400,5769.8400,5915.2700,3620667200,52218163200.00
sh000959,2018-09-19,5903.6000,6021.3200,5898.2400,5982.0800,4651201600,70049570816.00
sh000959,2018-09-20,5987.6800,6018.4500,5968.6500,5983.9700,3364032400,48080764928.00
sh000959,2018-09-21,6003.0600,6202.9600,5986.3000,6202.9600,5948159200,79522095104.00
sh000959,2018-09-25,6126.2500,6150.4800,6100.9800,6125.2100,3573435600,51398418432.00
sh000959,2018-09-26,6139.1400,6252.6700,6128.3200,6183.9200,4999140400,77650862080.00
sh000959,2018-09-27,6182.9900,6195.7800,6140.2700,6175.5900,3514675200,53080289280.00
sh000959,2018-09-28,6189.5600,6281.8100,6184.3900,6246.7000,4261738400,61344362496.00
sh000959,2018-10-08,6095.6500,6110.3400,5967.5600,5983.9300,4976066000,74929274880.00
sh000959,2018-10-09,5975.7000,6018.6100,5954.6900,5984.9600,3178273400,46745554944.00
sh000959,2018-10-10,5992.3000,6054.0900,5950.2600,5999.0400,3094898000,49550622720.00
sh000959,2018-10-11,5833.0100,5888.9100,5710.9100,5756.4500,5805534400,77306429440.00
sh000959,2018-10-12,5765.8200,5897.1400,5748.4300,5878.7300,4737094800,64033320960.00
sh000959,2018-10-15,5880.0200,5883.5300,5777.9300,5791.3100,3457590400,47715160064.00
sh000959,2018-10-16,5795.1200,5880.5400,5759.7400,5778.3400,3275656800,44226469888.00
sh000959,2018-10-17,5849.6900,5859.6600,5733.1800,5823.6200,3849485200,52488695808.00
sh000959,2018-10-18,5797.5800,5797.5800,5692.9100,5692.9100,3562641600,48563720192.00
sh000959,2018-10-19,5665.5800,5882.8400,5641.6500,5869.9500,5263795600,72254603264.00
sh000959,2018-10-22,5906.4900,6139.3600,5906.4900,6079.0200,7756651200,112370171904.00
sh000959,2018-10-23,6075.5700,6091.4300,5898.9800,5923.9800,6060374400,93177004032.00
sh000959,2018-10-24,5919.9900,6094.2100,5919.3600,5977.0900,5531528800,76627501056.00
sh000959,2018-10-25,5850.3500,6021.9000,5841.7000,6019.9200,4958130000,69833056256.00
sh000959,2018-10-26,6028.3200,6064.6500,5939.1600,5996.5400,4584728000,63837683712.00
sh000959,2018-10-29,6003.8000,6012.3300,5797.4100,5830.2600,4814578400,71815028736.00
sh000959,2018-10-30,5834.1900,5967.4500,5824.9300,5904.9000,5492830400,84214816768.00
sh000959,2018-10-31,5920.7500,5994.5900,5895.6700,5968.4100,5075484800,70842957824.00
sh000959,2018-11-01,6027.5100,6063.3900,5965.4600,5974.2600,6175580400,86712549376.00
sh000959,2018-11-02,6107.0200,6144.8300,6025.9000,6136.7700,7850741600,113929084928.00
sh000959,2018-11-05,6095.2200,6102.6500,6024.7600,6071.5100,5291550800,74507272192.00
sh000959,2018-11-06,6061.7400,6065.4200,5992.4600,6038.4000,3987736000,54046617600.00
sh000959,2018-11-07,6044.5200,6087.3600,5994.2300,6001.1600,3987486400,56760803328.00
sh000959,2018-11-08,6057.5600,6065.9700,5995.8500,6008.4500,3375375200,48576962560.00
sh000959,2018-11-09,5967.4200,5967.4200,5878.7000,5883.5600,4768779200,56969588736.00
sh000959,2018-11-12,5871.1700,5928.4200,5869.0000,5923.9800,4355261200,58381590528.00
sh000959,2018-11-13,5854.1300,5982.9800,5851.6200,5956.2400,5350468800,69268897792.00
sh000959,2018-11-14,5952.7700,5956.4400,5885.1900,5893.5500,4584914400,57696481280.00
sh000959,2018-11-15,5890.1000,5954.8300,5885.4700,5954.4100,4207852000,53284642816.00
sh000959,2018-11-16,5953.6500,6015.8500,5919.9300,5975.3600,5748901600,75747778560.00
sh000959,2018-11-19,5986.4100,6053.0500,5976.7200,6053.0500,5164609200,70429057024.00
sh000959,2018-11-20,6012.1900,6039.4900,5929.0700,5942.1700,4883874800,64472895488.00
sh000959,2018-11-21,5894.0400,5968.9700,5891.7500,5949.9000,3591610400,48483434496.00
sh000959,2018-11-22,5963.8200,5965.2100,5893.5800,5921.9700,2684395200,37230059520.00
sh000959,2018-11-23,5911.4500,5927.1400,5823.4600,5825.8700,3670773200,47446110208.00
sh000959,2018-11-26,5848.0900,5884.7600,5817.0600,5836.4600,2651884400,34433200128.00
sh000959,2018-11-27,5851.0400,5869.5200,5803.4400,5817.8600,2612448800,35896414208.00
sh000959,2018-11-28,5819.6100,5888.3600,5817.5400,5878.3700,3323595800,43872641024.00
sh000959,2018-11-29,5913.9100,5920.8000,5828.3000,5828.3000,3581394400,49745707008.00
sh000959,2018-11-30,5827.3000,5887.8600,5827.2900,5884.3400,3153239600,45792489472.00
sh000959,2018-12-03,6027.0400,6035.9500,5963.5100,6009.0400,6041874400,92108382208.00
sh000959,2018-12-04,6006.5000,6026.9900,5985.5900,6026.6200,3812586400,54377357312.00
sh000959,2018-12-05,5959.9800,6012.1300,5953.2300,5988.4800,3546799200,54165475328.00
sh000959,2018-12-06,5924.2200,5939.5400,5885.6800,5891.9500,3861402000,58503000064.00
sh000959,2018-12-07,5908.7900,5927.1500,5897.4800,5905.4600,2403245200,37699534848.00
sh000959,2018-12-10,5859.5600,5890.1100,5826.9200,5847.1100,2867462000,41962037248.00
sh000959,2018-12-11,5851.8300,5872.0400,5839.9400,5863.4600,2389881200,35301515264.00
sh000959,2018-12-12,5911.8200,5911.8200,5866.8400,5888.7000,2420776600,36701736960.00
sh000959,2018-12-13,5905.1700,6011.9400,5891.5600,5985.0600,4379812400,65470660608.00
sh000959,2018-12-14,5958.9000,5968.0800,5905.3500,5905.3500,3811505600,52220796928.00
